
Instance name     :    Call_7_Vehicle_3
Average objective :    1225532.80
Best objective    :    1134176.00
Improvement (%)   :    65.022906 %
Running time (s)  :    0.336 s
Best solution     :    [4, 4, 2, 2, 0, 7, 7, 0, 1, 5, 5, 3, 3, 1, 0, 6, 6]
LaTeX copypaste   :    Local Search & 1225532.80 & 1134176.00 & 65.022906 \% & 0.336 s\\


Instance name     :    Call_18_Vehicle_5
Average objective :    2826767.30
Best objective    :    2374420.00
Improvement (%)   :    73.499132 %
Running time (s)  :    0.450 s
Best solution     :    [4, 4, 15, 15, 11, 11, 16, 16, 0, 6, 6, 5, 18, 5, 14, 17, 17, 14, 18, 0, 9, 8, 8, 9, 13, 13, 0, 7, 7, 3, 3, 10, 1, 10, 1, 0, 12, 12, 0, 2, 2]
LaTeX copypaste   :    Local Search & 2826767.30 & 2374420.00 & 73.499132 \% & 0.450 s\\


Instance name     :    Call_35_Vehicle_7
Average objective :    7181838.70
Best objective    :    6076993.00
Improvement (%)   :    66.950989 %
Running time (s)  :    0.583 s
Best solution     :    [34, 30, 30, 34, 27, 27, 22, 22, 25, 25, 0, 15, 15, 7, 7, 26, 26, 0, 9, 14, 14, 9, 24, 24, 13, 13, 32, 32, 20, 20, 0, 4, 4, 16, 16, 11, 11, 17, 18, 17, 18, 31, 31, 0, 8, 3, 3, 1, 8, 1, 5, 2, 5, 29, 2, 29, 0, 23, 12, 35, 23, 12, 35, 21, 28, 28, 21, 0, 10, 10, 0, 6, 6, 19, 19, 33, 33]
LaTeX copypaste   :    Local Search & 7181838.70 & 6076993.00 & 66.950989 \% & 0.583 s\\


Instance name     :    Call_80_Vehicle_20
Average objective :    16717960.80
Best objective    :    14829767.00
Improvement (%)   :    68.292373 %
Running time (s)  :    2.534 s
Best solution     :    [4, 4, 59, 46, 59, 73, 46, 73, 0, 21, 21, 49, 17, 17, 49, 0, 8, 8, 12, 72, 12, 72, 16, 16, 0, 30, 30, 62, 62, 74, 74, 37, 58, 58, 37, 0, 35, 65, 65, 35, 36, 50, 50, 36, 0, 54, 63, 63, 54, 42, 3, 3, 42, 0, 15, 15, 29, 44, 29, 44, 0, 39, 61, 61, 39, 55, 55, 0, 53, 40, 40, 5, 5, 53, 7, 7, 14, 14, 0, 70, 1, 68, 1, 70, 68, 69, 48, 48, 69, 33, 33, 0, 41, 41, 51, 23, 23, 27, 51, 27, 56, 56, 0, 11, 11, 20, 20, 80, 10, 80, 10, 0, 34, 31, 34, 31, 0, 57, 57, 75, 75, 0, 38, 38, 78, 78, 0, 25, 25, 76, 76, 47, 47, 6, 6, 0, 32, 45, 45, 32, 19, 19, 52, 52, 0, 79, 77, 79, 77, 0, 13, 67, 13, 67, 28, 28, 24, 24, 0, 60, 60, 9, 71, 71, 9, 2, 2, 0, 18, 18, 22, 22, 26, 26, 43, 43, 64, 64, 66, 66]
LaTeX copypaste   :    Local Search & 16717960.80 & 14829767.00 & 68.292373 \% & 2.534 s\\


Instance name     :    Call_130_Vehicle_40
Average objective :    27005805.00
Best objective    :    24953712.00
Improvement (%)   :    67.435072 %
Running time (s)  :    7.316 s
Best solution     :    [66, 66, 81, 46, 81, 46, 0, 96, 96, 7, 7, 36, 14, 14, 36, 0, 105, 105, 23, 23, 110, 110, 39, 39, 0, 9, 9, 77, 77, 0, 108, 108, 65, 127, 127, 65, 0, 98, 1, 98, 59, 59, 35, 1, 53, 35, 53, 0, 25, 25, 104, 104, 12, 12, 0, 5, 5, 58, 58, 18, 18, 0, 106, 106, 117, 117, 0, 21, 69, 21, 69, 48, 48, 0, 126, 73, 126, 99, 73, 99, 26, 26, 0, 84, 95, 95, 84, 0, 103, 103, 10, 10, 0, 27, 27, 113, 113, 112, 112, 30, 30, 0, 11, 11, 90, 63, 40, 40, 63, 90, 0, 42, 42, 0, 3, 3, 121, 121, 54, 54, 0, 22, 22, 79, 51, 51, 79, 0, 29, 61, 61, 29, 0, 102, 82, 102, 82, 20, 20, 0, 115, 115, 45, 45, 101, 57, 101, 57, 0, 123, 50, 118, 123, 118, 50, 71, 71, 0, 33, 33, 125, 122, 91, 94, 91, 122, 125, 94, 0, 74, 55, 55, 74, 119, 119, 0, 41, 67, 62, 41, 67, 70, 62, 70, 0, 88, 114, 88, 114, 24, 24, 0, 85, 85, 17, 17, 0, 60, 60, 130, 130, 0, 44, 129, 44, 129, 0, 47, 56, 56, 47, 0, 120, 120, 78, 78, 0, 16, 16, 4, 4, 0, 86, 86, 124, 109, 124, 28, 109, 28, 0, 100, 100, 116, 68, 116, 68, 64, 64, 0, 80, 80, 111, 83, 111, 83, 0, 13, 13, 92, 37, 92, 76, 37, 76, 0, 34, 34, 89, 43, 43, 89, 128, 128, 0, 38, 38, 31, 31, 0, 93, 93, 0, 8, 8, 52, 52, 0, 2, 2, 6, 6, 15, 15, 19, 19, 32, 32, 49, 49, 72, 72, 75, 75, 87, 87, 97, 97, 107, 107]
LaTeX copypaste   :    Local Search & 27005805.00 & 24953712.00 & 67.435072 \% & 7.316 s\\


Instance name     :    Call_300_Vehicle_90
Average objective :    71054331.20
Best objective    :    67580835.00
Improvement (%)   :    60.429208 %
Running time (s)  :    24.332 s
Best solution     :    [155, 155, 104, 104, 0, 171, 254, 7, 7, 40, 254, 40, 171, 0, 67, 67, 109, 109, 80, 80, 0, 219, 219, 146, 140, 146, 140, 0, 123, 98, 98, 123, 0, 271, 271, 224, 224, 165, 165, 231, 231, 0, 92, 92, 293, 293, 259, 259, 0, 151, 151, 173, 173, 0, 207, 199, 207, 56, 56, 199, 0, 297, 191, 297, 191, 0, 213, 213, 0, 118, 118, 262, 262, 59, 59, 0, 196, 196, 0, 45, 300, 300, 45, 203, 275, 275, 203, 0, 53, 53, 18, 18, 0, 36, 245, 36, 245, 0, 23, 23, 103, 103, 70, 70, 258, 258, 0, 37, 176, 176, 37, 0, 261, 131, 261, 131, 11, 11, 0, 264, 48, 264, 48, 0, 248, 248, 157, 157, 0, 30, 30, 0, 181, 3, 181, 3, 0, 25, 25, 220, 220, 34, 187, 34, 187, 0, 194, 194, 55, 55, 0, 127, 127, 298, 298, 0, 152, 152, 111, 111, 112, 112, 0, 214, 136, 136, 214, 253, 253, 0, 288, 288, 283, 283, 130, 130, 0, 81, 226, 226, 81, 50, 50, 0, 257, 257, 64, 64, 0, 200, 200, 234, 234, 16, 16, 198, 198, 0, 147, 147, 113, 113, 0, 263, 263, 204, 204, 8, 8, 0, 185, 89, 89, 185, 0, 82, 82, 236, 44, 209, 209, 44, 236, 0, 211, 211, 91, 91, 0, 241, 172, 241, 172, 132, 132, 0, 268, 255, 268, 255, 289, 289, 22, 22, 106, 106, 0, 43, 43, 0, 168, 168, 267, 267, 0, 244, 244, 69, 189, 69, 189, 0, 29, 212, 29, 73, 212, 73, 107, 107, 0, 179, 179, 49, 49, 243, 243, 0, 274, 274, 84, 84, 0, 167, 167, 102, 102, 0, 270, 61, 61, 270, 28, 28, 0, 217, 79, 79, 217, 0, 19, 19, 184, 184, 186, 186, 0, 247, 247, 77, 77, 251, 251, 0, 242, 242, 58, 58, 197, 197, 0, 281, 281, 221, 221, 129, 129, 0, 133, 133, 52, 52, 161, 161, 0, 230, 230, 51, 51, 0, 232, 222, 222, 164, 232, 164, 149, 149, 60, 60, 0, 225, 249, 225, 294, 294, 249, 27, 27, 0, 62, 62, 202, 202, 20, 20, 0, 272, 272, 21, 21, 0, 83, 83, 285, 285, 101, 12, 101, 12, 0, 206, 206, 282, 282, 99, 99, 0, 115, 97, 97, 115, 0, 24, 24, 65, 63, 65, 63, 0, 215, 110, 215, 290, 290, 110, 154, 154, 0, 32, 235, 235, 32, 0, 208, 238, 238, 208, 117, 117, 0, 162, 114, 162, 114, 148, 148, 0, 170, 170, 0, 134, 134, 177, 177, 192, 192, 100, 100, 0, 279, 126, 126, 279, 13, 13, 0, 280, 39, 280, 39, 182, 182, 0, 142, 227, 227, 142, 0, 135, 135, 38, 38, 0, 14, 2, 14, 2, 0, 76, 9, 76, 9, 0, 178, 95, 95, 178, 0, 256, 41, 41, 256, 47, 292, 47, 292, 0, 15, 1, 15, 86, 86, 33, 33, 1, 0, 218, 218, 175, 141, 141, 175, 0, 10, 10, 122, 85, 122, 85, 190, 190, 0, 150, 150, 0, 174, 174, 5, 153, 153, 5, 0, 265, 291, 265, 291, 93, 17, 93, 17, 0, 233, 74, 233, 74, 163, 296, 163, 296, 0, 276, 68, 276, 68, 166, 166, 0, 158, 183, 210, 210, 183, 158, 252, 252, 0, 116, 284, 116, 71, 284, 71, 139, 139, 0, 273, 137, 273, 137, 160, 90, 160, 90, 0, 26, 228, 26, 228, 0, 180, 180, 250, 286, 42, 250, 42, 286, 0, 188, 188, 145, 145, 0, 4, 4, 6, 6, 31, 31, 35, 35, 46, 46, 54, 54, 57, 57, 66, 66, 72, 72, 75, 75, 78, 78, 87, 87, 88, 88, 94, 94, 96, 96, 105, 105, 108, 108, 119, 119, 120, 120, 121, 121, 124, 124, 125, 125, 128, 128, 138, 138, 143, 143, 144, 144, 156, 156, 159, 159, 169, 169, 193, 193, 195, 195, 201, 201, 205, 205, 216, 216, 223, 223, 229, 229, 237, 237, 239, 239, 240, 240, 246, 246, 260, 260, 266, 266, 269, 269, 277, 277, 278, 278, 287, 287, 295, 295, 299, 299]
LaTeX copypaste   :    Local Search & 71054331.20 & 67580835.00 & 60.429208 \% & 24.332 s\\

