
Instance name     :    Call_7_Vehicle_3
Average objective :    1134176.00
Best objective    :    1134176.00
Improvement (%)   :    65.022906 %
Running time (s)  :    0.336 s
Best solution     :    [4, 4, 7, 7, 0, 2, 2, 0, 1, 5, 5, 3, 3, 1, 0, 6, 6]
LaTeX copypaste   :    SA-new operators (equal weights) & 1134176.00 & 1134176.00 & 65.022906 \% & 0.336 s\\


Instance name     :    Call_18_Vehicle_5
Average objective :    2602997.40
Best objective    :    2374420.00
Improvement (%)   :    73.499132 %
Running time (s)  :    0.863 s
Best solution     :    [4, 4, 15, 15, 11, 11, 16, 16, 0, 6, 6, 5, 18, 5, 14, 17, 17, 14, 18, 0, 9, 8, 8, 9, 13, 13, 0, 7, 7, 3, 3, 10, 1, 10, 1, 0, 12, 12, 0, 2, 2]
LaTeX copypaste   :    SA-new operators (equal weights) & 2602997.40 & 2374420.00 & 73.499132 \% & 0.863 s\\


Instance name     :    Call_35_Vehicle_7
Average objective :    6043129.40
Best objective    :    5401153.00
Improvement (%)   :    70.626465 %
Running time (s)  :    1.659 s
Best solution     :    [34, 30, 34, 30, 33, 33, 0, 23, 23, 7, 7, 28, 28, 20, 20, 0, 9, 12, 17, 17, 9, 27, 27, 22, 12, 22, 25, 25, 31, 31, 0, 15, 15, 16, 16, 3, 3, 10, 21, 10, 21, 0, 8, 11, 11, 18, 8, 18, 5, 2, 5, 29, 2, 29, 0, 14, 19, 35, 19, 14, 13, 35, 13, 26, 32, 32, 26, 0, 1, 1, 0, 4, 4, 6, 6, 24, 24]
LaTeX copypaste   :    SA-new operators (equal weights) & 6043129.40 & 5401153.00 & 70.626465 \% & 1.659 s\\


Instance name     :    Call_80_Vehicle_20
Average objective :    12546732.50
Best objective    :    11608524.00
Improvement (%)   :    75.179735 %
Running time (s)  :    4.621 s
Best solution     :    [41, 34, 41, 59, 34, 17, 59, 58, 17, 58, 0, 22, 61, 22, 46, 61, 46, 16, 16, 0, 4, 4, 62, 35, 62, 42, 35, 3, 3, 42, 7, 7, 0, 1, 23, 23, 29, 29, 65, 1, 73, 65, 73, 10, 10, 0, 74, 67, 74, 28, 67, 36, 28, 36, 0, 54, 63, 63, 54, 5, 5, 33, 33, 0, 66, 66, 49, 49, 69, 48, 48, 69, 0, 39, 39, 55, 55, 80, 80, 50, 14, 50, 14, 0, 70, 21, 70, 21, 12, 72, 12, 72, 0, 8, 8, 0, 68, 26, 68, 26, 0, 11, 11, 20, 20, 0, 25, 25, 43, 79, 79, 43, 47, 47, 6, 6, 0, 76, 44, 44, 76, 0, 32, 45, 32, 45, 77, 27, 27, 77, 52, 56, 56, 52, 0, 9, 71, 9, 71, 19, 19, 0, 53, 30, 30, 57, 53, 57, 75, 75, 0, 38, 51, 38, 78, 78, 2, 2, 51, 24, 24, 0, 40, 40, 13, 13, 37, 31, 37, 31, 0, 60, 18, 60, 18, 0, 15, 15, 64, 64]
LaTeX copypaste   :    SA-new operators (equal weights) & 12546732.50 & 11608524.00 & 75.179735 \% & 4.621 s\\


Instance name     :    Call_130_Vehicle_40
Average objective :    19140223.00
Best objective    :    18499049.00
Improvement (%)   :    75.858494 %
Running time (s)  :    9.784 s
Best solution     :    [16, 16, 41, 41, 23, 23, 104, 63, 63, 104, 0, 60, 60, 108, 108, 125, 122, 125, 127, 122, 127, 0, 115, 69, 69, 115, 81, 35, 35, 81, 10, 53, 30, 10, 30, 53, 0, 42, 96, 96, 42, 118, 118, 7, 46, 7, 46, 0, 74, 74, 25, 25, 0, 129, 129, 117, 117, 39, 39, 0, 107, 107, 26, 26, 0, 5, 5, 58, 95, 58, 82, 40, 95, 40, 82, 0, 84, 98, 98, 114, 114, 84, 112, 112, 28, 28, 0, 126, 126, 130, 61, 61, 130, 68, 92, 70, 92, 48, 68, 70, 48, 0, 21, 50, 50, 21, 94, 94, 0, 32, 32, 90, 18, 18, 90, 0, 121, 121, 55, 109, 55, 109, 0, 72, 72, 0, 59, 59, 64, 64, 0, 88, 88, 67, 120, 120, 37, 67, 110, 110, 77, 77, 37, 0, 103, 103, 4, 4, 45, 45, 65, 56, 56, 12, 65, 12, 0, 11, 11, 62, 62, 20, 20, 0, 97, 97, 0, 113, 113, 0, 33, 102, 102, 33, 128, 128, 0, 54, 29, 29, 54, 0, 44, 87, 44, 87, 47, 47, 71, 14, 71, 14, 0, 38, 38, 89, 43, 43, 89, 0, 2, 73, 2, 13, 13, 73, 0, 3, 15, 3, 15, 100, 100, 0, 49, 27, 49, 27, 24, 24, 0, 86, 86, 22, 51, 22, 36, 51, 36, 0, 85, 85, 9, 17, 9, 17, 0, 0, 119, 119, 116, 116, 76, 76, 0, 8, 8, 0, 106, 66, 106, 66, 78, 101, 78, 57, 101, 57, 0, 123, 80, 1, 123, 80, 31, 1, 31, 0, 93, 93, 0, 0, 34, 111, 34, 83, 83, 111, 0, 19, 19, 52, 91, 91, 52, 0, 124, 99, 99, 124, 0, 75, 79, 79, 75, 0, 6, 6, 105, 105]
LaTeX copypaste   :    SA-new operators (equal weights) & 19140223.00 & 18499049.00 & 75.858494 \% & 9.784 s\\


Instance name     :    Call_300_Vehicle_90
Average objective :    41700787.80
Best objective    :    40044181.00
Improvement (%)   :    76.552821 %
Running time (s)  :    45.590 s
Best solution     :    [54, 54, 0, 208, 144, 208, 144, 0, 215, 295, 270, 164, 164, 295, 215, 270, 0, 55, 55, 0, 96, 200, 96, 200, 0, 217, 217, 0, 25, 25, 185, 79, 14, 185, 79, 14, 0, 39, 39, 0, 68, 155, 155, 183, 68, 227, 183, 27, 27, 227, 0, 263, 275, 275, 263, 0, 32, 209, 209, 32, 0, 240, 74, 240, 74, 191, 297, 191, 297, 0, 245, 245, 0, 176, 44, 44, 176, 0, 0, 61, 250, 61, 194, 250, 28, 194, 53, 28, 53, 129, 129, 0, 0, 206, 206, 0, 0, 136, 207, 136, 207, 0, 278, 278, 0, 62, 62, 63, 113, 113, 63, 0, 133, 133, 172, 172, 0, 158, 158, 246, 246, 231, 231, 0, 23, 23, 69, 219, 95, 95, 69, 219, 0, 213, 89, 89, 213, 0, 82, 249, 82, 249, 266, 236, 266, 236, 0, 273, 273, 41, 210, 41, 293, 293, 210, 196, 90, 196, 90, 0, 35, 300, 291, 300, 291, 35, 0, 72, 181, 72, 3, 181, 3, 0, 142, 142, 205, 205, 104, 50, 50, 104, 0, 26, 26, 124, 148, 124, 148, 267, 267, 0, 43, 43, 199, 5, 5, 199, 84, 140, 140, 84, 0, 37, 36, 195, 36, 203, 195, 81, 122, 37, 122, 203, 81, 106, 106, 0, 120, 120, 132, 132, 0, 272, 286, 272, 286, 21, 163, 21, 163, 0, 126, 126, 108, 108, 139, 139, 130, 130, 0, 274, 274, 119, 119, 4, 4, 192, 192, 100, 100, 0, 19, 19, 220, 131, 182, 131, 42, 42, 220, 182, 187, 198, 17, 17, 198, 187, 0, 201, 171, 114, 171, 201, 114, 45, 255, 45, 255, 197, 197, 296, 296, 0, 134, 134, 279, 279, 177, 177, 282, 282, 12, 12, 0, 248, 248, 222, 222, 212, 127, 127, 80, 212, 80, 0, 242, 242, 167, 40, 167, 165, 165, 40, 258, 258, 0, 179, 179, 271, 271, 233, 233, 290, 290, 157, 58, 58, 56, 157, 56, 101, 22, 101, 22, 0, 269, 123, 269, 118, 123, 118, 259, 259, 153, 153, 8, 8, 0, 229, 229, 0, 29, 29, 49, 49, 64, 64, 0, 143, 143, 211, 284, 284, 211, 0, 159, 159, 52, 52, 59, 59, 107, 107, 0, 161, 161, 0, 105, 105, 7, 7, 75, 75, 226, 226, 20, 20, 0, 145, 145, 0, 244, 244, 234, 234, 46, 51, 46, 11, 11, 298, 298, 51, 0, 237, 237, 47, 47, 97, 97, 0, 24, 24, 261, 261, 285, 285, 73, 112, 112, 73, 0, 218, 218, 256, 256, 289, 102, 102, 289, 0, 83, 83, 243, 243, 170, 170, 16, 16, 156, 156, 0, 288, 288, 204, 204, 166, 166, 0, 48, 225, 225, 48, 77, 77, 189, 189, 0, 214, 111, 214, 111, 281, 281, 262, 262, 33, 33, 0, 0, 87, 87, 128, 128, 252, 252, 0, 78, 78, 65, 184, 65, 38, 38, 184, 0, 280, 94, 257, 94, 280, 60, 60, 257, 0, 264, 57, 264, 109, 109, 57, 0, 162, 268, 162, 268, 13, 13, 0, 160, 186, 160, 186, 0, 188, 188, 86, 86, 154, 146, 146, 154, 0, 276, 1, 276, 1, 0, 221, 91, 125, 125, 221, 91, 292, 18, 18, 292, 0, 110, 110, 216, 216, 2, 2, 0, 152, 238, 152, 238, 0, 147, 98, 98, 147, 175, 175, 0, 168, 168, 230, 230, 283, 251, 283, 251, 0, 137, 141, 137, 141, 0, 223, 254, 254, 223, 0, 121, 88, 121, 294, 88, 294, 0, 15, 265, 15, 265, 253, 99, 99, 253, 0, 67, 150, 150, 67, 0, 232, 277, 169, 277, 169, 235, 70, 232, 235, 70, 115, 117, 117, 115, 0, 247, 247, 260, 260, 6, 6, 0, 239, 239, 0, 180, 92, 92, 180, 71, 9, 9, 173, 71, 85, 173, 85, 190, 190, 0, 10, 66, 10, 228, 228, 66, 0, 116, 116, 287, 287, 202, 34, 34, 202, 0, 193, 224, 193, 224, 0, 241, 76, 241, 76, 0, 103, 30, 103, 149, 149, 30, 93, 93, 0, 178, 151, 178, 151, 0, 135, 135, 174, 174, 0, 31, 31, 138, 138, 299, 299]
LaTeX copypaste   :    SA-new operators (equal weights) & 41700787.80 & 40044181.00 & 76.552821 \% & 45.590 s\\

