
Instance name     :    Call_7_Vehicle_3
Average objective :    1157113.40
Best objective    :    1134176.00
Improvement (%)   :    65.022906 %
Running time (s)  :    0.467 s
Best solution     :    [4, 4, 7, 7, 0, 2, 2, 0, 1, 5, 5, 3, 3, 1, 0, 6, 6]
LaTeX copypaste   :    SA-new operators (tuned weights) & 1157113.40 & 1134176.00 & 65.022906 \% & 0.467 s\\


Instance name     :    Call_18_Vehicle_5
Average objective :    2564858.40
Best objective    :    2382716.00
Improvement (%)   :    73.406540 %
Running time (s)  :    1.348 s
Best solution     :    [4, 4, 15, 15, 11, 11, 16, 16, 0, 6, 6, 5, 18, 5, 18, 13, 13, 0, 8, 14, 17, 17, 14, 8, 0, 7, 7, 3, 3, 10, 1, 10, 1, 0, 9, 9, 12, 12, 0, 2, 2]
LaTeX copypaste   :    SA-new operators (tuned weights) & 2564858.40 & 2382716.00 & 73.406540 \% & 1.348 s\\


Instance name     :    Call_35_Vehicle_7
Average objective :    6018714.30
Best objective    :    5335443.00
Improvement (%)   :    70.983821 %
Running time (s)  :    3.241 s
Best solution     :    [34, 34, 12, 12, 28, 28, 0, 16, 16, 30, 7, 30, 7, 21, 21, 0, 19, 19, 33, 33, 22, 22, 25, 25, 31, 31, 0, 4, 4, 15, 1, 15, 18, 18, 5, 1, 5, 20, 20, 0, 9, 17, 24, 17, 9, 24, 13, 13, 26, 32, 32, 26, 0, 23, 8, 23, 11, 11, 27, 27, 8, 2, 29, 2, 29, 0, 14, 14, 35, 35, 10, 10, 0, 3, 3, 6, 6]
LaTeX copypaste   :    SA-new operators (tuned weights) & 6018714.30 & 5335443.00 & 70.983821 \% & 3.241 s\\


Instance name     :    Call_80_Vehicle_20
Average objective :    12586355.70
Best objective    :    11956945.00
Improvement (%)   :    74.434774 %
Running time (s)  :    9.570 s
Best solution     :    [41, 41, 4, 4, 26, 26, 0, 8, 8, 0, 18, 18, 35, 42, 35, 3, 42, 3, 36, 50, 14, 36, 50, 14, 0, 70, 68, 34, 70, 68, 34, 67, 67, 28, 28, 33, 33, 0, 62, 62, 45, 45, 65, 65, 7, 7, 0, 54, 63, 54, 63, 69, 48, 48, 69, 0, 15, 15, 23, 59, 23, 79, 59, 58, 79, 58, 0, 39, 61, 61, 39, 74, 74, 80, 80, 0, 53, 53, 64, 64, 12, 72, 72, 12, 16, 16, 0, 25, 25, 11, 11, 71, 71, 0, 51, 9, 9, 51, 20, 20, 0, 1, 46, 1, 73, 46, 73, 10, 10, 0, 21, 29, 29, 21, 0, 76, 44, 44, 76, 5, 17, 5, 2, 17, 2, 24, 24, 0, 38, 38, 19, 19, 52, 56, 56, 52, 0, 32, 49, 32, 49, 77, 27, 27, 77, 0, 30, 30, 57, 57, 37, 31, 31, 37, 47, 47, 6, 6, 0, 40, 40, 13, 13, 75, 75, 0, 22, 55, 22, 55, 0, 60, 60, 43, 43, 0, 66, 66, 78, 78]
LaTeX copypaste   :    SA-new operators (tuned weights) & 12586355.70 & 11956945.00 & 74.434774 \% & 9.570 s\\


Instance name     :    Call_130_Vehicle_40
Average objective :    18920781.60
Best objective    :    18430148.00
Improvement (%)   :    75.948410 %
Running time (s)  :    19.877 s
Best solution     :    [15, 15, 16, 16, 34, 68, 70, 34, 70, 68, 20, 20, 30, 53, 30, 53, 0, 60, 60, 108, 108, 125, 122, 91, 125, 122, 91, 0, 115, 69, 69, 115, 81, 94, 94, 12, 81, 12, 0, 106, 102, 106, 102, 65, 127, 65, 127, 0, 129, 129, 45, 17, 45, 17, 0, 126, 126, 130, 130, 110, 110, 48, 48, 0, 41, 55, 41, 55, 10, 10, 0, 5, 5, 99, 67, 99, 37, 67, 46, 36, 46, 77, 36, 37, 77, 0, 84, 98, 98, 114, 84, 114, 0, 3, 3, 88, 88, 90, 18, 18, 90, 0, 80, 80, 25, 25, 89, 9, 63, 9, 89, 63, 0, 32, 32, 22, 61, 22, 61, 59, 7, 7, 59, 64, 64, 0, 121, 121, 29, 95, 95, 29, 0, 49, 49, 97, 97, 0, 96, 96, 4, 4, 0, 54, 54, 0, 103, 103, 23, 23, 117, 117, 39, 39, 0, 21, 50, 50, 21, 0, 0, 33, 33, 112, 112, 28, 28, 0, 76, 76, 0, 123, 42, 74, 123, 74, 42, 118, 118, 104, 79, 79, 104, 0, 72, 124, 124, 72, 0, 38, 38, 31, 31, 0, 75, 75, 0, 66, 1, 66, 1, 0, 85, 73, 85, 109, 73, 109, 0, 44, 113, 58, 58, 113, 44, 52, 35, 52, 35, 0, 2, 2, 78, 78, 0, 0, 119, 119, 116, 116, 71, 14, 71, 14, 0, 87, 87, 128, 128, 0, 19, 19, 0, 43, 43, 0, 27, 27, 120, 120, 111, 83, 83, 111, 0, 13, 101, 13, 101, 0, 8, 82, 8, 47, 82, 56, 56, 47, 57, 57, 0, 11, 11, 107, 107, 26, 92, 92, 51, 51, 26, 0, 93, 93, 0, 86, 86, 100, 100, 62, 62, 40, 24, 24, 40, 0, 6, 6, 105, 105]
LaTeX copypaste   :    SA-new operators (tuned weights) & 18920781.60 & 18430148.00 & 75.948410 \% & 19.877 s\\


Instance name     :    Call_300_Vehicle_90
Average objective :    41214511.30
Best objective    :    39579640.00
Improvement (%)   :    76.824825 %
Running time (s)  :    75.840 s
Best solution     :    [0, 96, 200, 96, 200, 0, 83, 83, 0, 7, 7, 0, 273, 61, 41, 273, 41, 61, 293, 293, 141, 182, 148, 141, 182, 3, 3, 148, 34, 50, 187, 34, 17, 17, 187, 50, 0, 224, 90, 90, 224, 0, 92, 92, 286, 212, 220, 212, 220, 286, 0, 167, 167, 236, 266, 236, 266, 0, 0, 15, 15, 271, 194, 164, 271, 194, 164, 80, 80, 0, 195, 195, 0, 23, 23, 284, 63, 284, 63, 0, 290, 290, 165, 165, 0, 240, 74, 74, 240, 0, 54, 54, 281, 281, 0, 183, 183, 95, 255, 95, 255, 0, 265, 265, 253, 253, 14, 292, 14, 292, 0, 0, 0, 279, 279, 0, 152, 208, 152, 207, 208, 65, 207, 131, 65, 131, 198, 198, 0, 123, 250, 250, 123, 0, 133, 300, 133, 300, 287, 287, 191, 297, 191, 297, 0, 32, 53, 53, 32, 0, 209, 51, 59, 209, 59, 140, 51, 140, 0, 26, 26, 0, 215, 295, 109, 295, 215, 109, 0, 171, 79, 294, 294, 171, 79, 0, 35, 277, 270, 277, 35, 270, 0, 0, 263, 263, 119, 119, 156, 156, 0, 272, 272, 204, 204, 104, 104, 0, 211, 89, 89, 211, 0, 10, 245, 10, 245, 177, 177, 97, 97, 0, 154, 154, 0, 24, 24, 234, 234, 21, 163, 163, 21, 0, 134, 134, 19, 19, 184, 124, 124, 184, 0, 43, 43, 5, 226, 226, 101, 5, 22, 22, 101, 0, 244, 244, 94, 40, 94, 27, 40, 56, 27, 56, 99, 12, 99, 12, 0, 274, 274, 46, 28, 46, 28, 166, 166, 0, 276, 276, 262, 262, 129, 186, 186, 129, 0, 136, 136, 49, 257, 257, 49, 64, 64, 0, 242, 242, 72, 291, 291, 72, 84, 84, 0, 179, 179, 233, 233, 70, 11, 11, 70, 117, 117, 0, 269, 269, 62, 151, 62, 58, 58, 151, 130, 130, 0, 145, 145, 153, 153, 8, 8, 0, 29, 29, 246, 246, 176, 283, 283, 176, 0, 248, 82, 82, 248, 249, 144, 249, 144, 44, 259, 259, 44, 0, 232, 150, 150, 232, 189, 275, 189, 275, 267, 267, 0, 218, 218, 118, 118, 71, 71, 205, 205, 107, 107, 106, 106, 0, 48, 264, 264, 181, 48, 203, 173, 73, 173, 203, 181, 73, 0, 230, 230, 219, 227, 115, 227, 219, 115, 0, 217, 217, 221, 122, 221, 122, 100, 100, 161, 161, 0, 39, 39, 235, 235, 33, 33, 139, 139, 0, 137, 137, 75, 75, 0, 126, 157, 157, 126, 296, 296, 0, 138, 138, 108, 108, 52, 52, 55, 55, 0, 159, 159, 0, 105, 210, 105, 98, 210, 120, 120, 98, 20, 20, 0, 206, 206, 149, 149, 132, 132, 0, 81, 85, 85, 81, 0, 37, 155, 1, 155, 121, 121, 229, 37, 229, 1, 0, 241, 76, 76, 241, 199, 112, 112, 199, 0, 169, 169, 4, 4, 0, 299, 225, 225, 288, 299, 13, 13, 288, 0, 239, 214, 214, 239, 0, 247, 247, 238, 238, 0, 103, 30, 103, 196, 30, 231, 196, 231, 0, 180, 180, 188, 188, 160, 160, 0, 174, 174, 125, 47, 47, 125, 2, 2, 0, 213, 142, 142, 213, 0, 278, 222, 278, 222, 42, 38, 38, 252, 252, 42, 0, 202, 146, 202, 146, 0, 147, 254, 147, 175, 175, 254, 0, 261, 237, 261, 237, 0, 223, 223, 0, 25, 68, 36, 25, 111, 268, 68, 69, 268, 69, 36, 111, 0, 66, 77, 77, 66, 0, 162, 162, 6, 6, 0, 280, 280, 170, 170, 16, 16, 192, 192, 190, 190, 0, 88, 185, 9, 9, 88, 185, 0, 201, 172, 172, 201, 128, 91, 128, 282, 91, 282, 18, 298, 298, 18, 0, 116, 116, 45, 285, 45, 285, 0, 158, 110, 158, 110, 197, 102, 197, 102, 0, 114, 178, 178, 114, 251, 113, 251, 113, 0, 168, 168, 243, 127, 243, 127, 93, 93, 0, 67, 57, 67, 57, 256, 228, 256, 258, 228, 258, 0, 86, 86, 216, 216, 60, 289, 60, 289, 0, 87, 87, 0, 135, 135, 260, 260, 0, 31, 31, 78, 78, 143, 143, 193, 193]
LaTeX copypaste   :    SA-new operators (tuned weights) & 41214511.30 & 39579640.00 & 76.824825 \% & 75.840 s\\

