[4, 4, 2, 2, 0, 7, 7, 0, 1, 5, 5, 3, 3, 1, 0, 6, 6]
Cost: 1134176 Actual: 1134176, found after iteration 12 (0.00 seconds)
Experiment ran for 1475093 iterations.
[4, 4, 2, 2, 0, 7, 7, 0, 1, 5, 5, 3, 3, 1, 0, 6, 6]
Cost: 1134176 Actual: 1134176, found after iteration 48 (0.00 seconds)
Experiment ran for 1495294 iterations.
[4, 4, 2, 2, 0, 7, 7, 0, 1, 5, 5, 3, 3, 1, 0, 6, 6]
Cost: 1134176 Actual: 1134176, found after iteration 3 (0.00 seconds)
Experiment ran for 1506496 iterations.
[4, 4, 2, 2, 0, 7, 7, 0, 1, 5, 5, 3, 3, 1, 0, 6, 6]
Cost: 1134176 Actual: 1134176, found after iteration 26 (0.00 seconds)
Experiment ran for 1504362 iterations.
[4, 4, 7, 7, 0, 2, 2, 0, 1, 5, 5, 3, 3, 1, 0, 6, 6]
Cost: 1134176 Actual: 1134176, found after iteration 5 (0.00 seconds)
Experiment ran for 1000438 iterations.
[4, 4, 2, 2, 0, 7, 7, 0, 1, 5, 5, 3, 3, 1, 0, 6, 6]
Cost: 1134176 Actual: 1134176, found after iteration 4 (0.00 seconds)
Experiment ran for 1139103 iterations.
[4, 4, 7, 7, 0, 2, 2, 0, 1, 5, 5, 3, 3, 1, 0, 6, 6]
Cost: 1134176 Actual: 1134176, found after iteration 36 (0.00 seconds)
Experiment ran for 1124729 iterations.
[4, 4, 7, 7, 0, 2, 2, 0, 1, 5, 5, 3, 3, 1, 0, 6, 6]
Cost: 1134176 Actual: 1134176, found after iteration 5 (0.00 seconds)
Experiment ran for 1064697 iterations.
[4, 4, 7, 7, 0, 2, 2, 0, 1, 5, 5, 3, 3, 1, 0, 6, 6]
Cost: 1134176 Actual: 1134176, found after iteration 20 (0.00 seconds)
Experiment ran for 1207449 iterations.
[4, 4, 2, 2, 0, 7, 7, 0, 1, 5, 5, 3, 3, 1, 0, 6, 6]
Cost: 1134176 Actual: 1134176, found after iteration 18 (0.00 seconds)
Experiment ran for 1404034 iterations.

Instance name     :    Call_7_Vehicle_3
Average objective :    1134176.00
Best objective    :    1134176.00
Improvement (%)   :    65.022906 %
Running time (s)  :    30.000 s
Best solution     :    [4, 4, 2, 2, 0, 7, 7, 0, 1, 5, 5, 3, 3, 1, 0, 6, 6]
LaTeX copypaste   :    Final Adaptive Metaheuristic & 1134176.00 & 1134176.00 & 65.022906 \% & 30.000 s\\

[4, 4, 15, 15, 11, 11, 16, 16, 0, 6, 6, 5, 18, 5, 14, 17, 17, 14, 18, 0, 9, 8, 8, 9, 13, 13, 0, 7, 7, 3, 3, 10, 1, 10, 1, 0, 12, 12, 0, 2, 2]
Cost: 2374420 Actual: 2374420, found after iteration 611 (0.09 seconds)
Experiment ran for 641255 iterations.
[4, 4, 15, 15, 11, 11, 16, 16, 0, 6, 6, 5, 18, 5, 14, 17, 17, 14, 18, 0, 9, 8, 8, 9, 13, 13, 0, 7, 7, 3, 3, 10, 1, 10, 1, 0, 12, 12, 0, 2, 2]
Cost: 2374420 Actual: 2374420, found after iteration 983 (0.19 seconds)
Experiment ran for 529101 iterations.
[4, 4, 15, 15, 11, 11, 16, 16, 0, 6, 6, 5, 18, 5, 14, 17, 17, 14, 18, 0, 9, 8, 8, 9, 13, 13, 0, 7, 7, 3, 3, 10, 1, 10, 1, 0, 12, 12, 0, 2, 2]
Cost: 2374420 Actual: 2374420, found after iteration 585 (0.11 seconds)
Experiment ran for 638729 iterations.
[4, 4, 15, 15, 11, 11, 16, 16, 0, 6, 6, 5, 18, 5, 14, 17, 17, 14, 18, 0, 9, 8, 8, 9, 13, 13, 0, 7, 7, 3, 3, 10, 1, 10, 1, 0, 12, 12, 0, 2, 2]
Cost: 2374420 Actual: 2374420, found after iteration 532 (0.12 seconds)
Experiment ran for 622565 iterations.
[4, 4, 15, 15, 11, 11, 16, 16, 0, 6, 6, 5, 18, 5, 14, 17, 17, 14, 18, 0, 9, 8, 8, 9, 13, 13, 0, 7, 7, 3, 3, 10, 1, 10, 1, 0, 12, 12, 0, 2, 2]
Cost: 2374420 Actual: 2374420, found after iteration 190 (0.05 seconds)
Experiment ran for 597168 iterations.
[4, 4, 15, 15, 11, 11, 16, 16, 0, 6, 6, 5, 18, 5, 14, 17, 17, 14, 18, 0, 9, 8, 8, 9, 13, 13, 0, 7, 7, 3, 3, 10, 1, 10, 1, 0, 12, 12, 0, 2, 2]
Cost: 2374420 Actual: 2374420, found after iteration 113 (0.02 seconds)
Experiment ran for 653473 iterations.
[4, 4, 15, 15, 11, 11, 16, 16, 0, 6, 6, 5, 18, 5, 14, 17, 17, 14, 18, 0, 9, 8, 8, 9, 13, 13, 0, 7, 7, 3, 3, 10, 1, 10, 1, 0, 12, 12, 0, 2, 2]
Cost: 2374420 Actual: 2374420, found after iteration 384 (0.07 seconds)
Experiment ran for 702563 iterations.
[4, 4, 15, 15, 11, 11, 16, 16, 0, 6, 6, 5, 18, 5, 14, 17, 17, 14, 18, 0, 9, 8, 8, 9, 13, 13, 0, 7, 7, 3, 3, 10, 1, 10, 1, 0, 12, 12, 0, 2, 2]
Cost: 2374420 Actual: 2374420, found after iteration 24 (0.01 seconds)
Experiment ran for 642300 iterations.
[4, 4, 15, 15, 11, 11, 16, 16, 0, 6, 6, 5, 18, 5, 14, 17, 17, 14, 18, 0, 9, 8, 8, 9, 13, 13, 0, 7, 7, 3, 3, 10, 1, 10, 1, 0, 12, 12, 0, 2, 2]
Cost: 2374420 Actual: 2374420, found after iteration 12 (0.03 seconds)
Experiment ran for 653528 iterations.
[4, 4, 15, 15, 11, 11, 16, 16, 0, 6, 6, 5, 18, 5, 14, 17, 17, 14, 18, 0, 9, 8, 8, 9, 13, 13, 0, 7, 7, 3, 3, 10, 1, 10, 1, 0, 12, 12, 0, 2, 2]
Cost: 2374420 Actual: 2374420, found after iteration 230 (0.05 seconds)
Experiment ran for 634280 iterations.

Instance name     :    Call_18_Vehicle_5
Average objective :    2374420.00
Best objective    :    2374420.00
Improvement (%)   :    73.499132 %
Running time (s)  :    120.000 s
Best solution     :    [4, 4, 15, 15, 11, 11, 16, 16, 0, 6, 6, 5, 18, 5, 14, 17, 17, 14, 18, 0, 9, 8, 8, 9, 13, 13, 0, 7, 7, 3, 3, 10, 1, 10, 1, 0, 12, 12, 0, 2, 2]
LaTeX copypaste   :    Final Adaptive Metaheuristic & 2374420.00 & 2374420.00 & 73.499132 \% & 120.000 s\\

[34, 23, 23, 14, 34, 17, 14, 17, 27, 27, 28, 28, 20, 20, 0, 16, 16, 30, 7, 7, 30, 33, 33, 0, 19, 19, 24, 24, 22, 22, 25, 25, 31, 31, 0, 4, 4, 15, 15, 3, 1, 3, 21, 21, 1, 0, 8, 11, 11, 18, 8, 18, 5, 5, 2, 29, 2, 29, 0, 9, 6, 9, 35, 6, 13, 35, 13, 26, 32, 32, 26, 0, 12, 12, 10, 10, 0]
Cost: 4893734 Actual: 4893734, found after iteration 580037 (789.57 seconds)
Experiment ran for 663038 iterations.
[34, 23, 23, 14, 34, 17, 14, 17, 27, 27, 28, 28, 20, 20, 0, 16, 16, 30, 7, 7, 30, 33, 33, 0, 19, 19, 24, 24, 22, 22, 25, 25, 31, 31, 0, 4, 4, 15, 15, 3, 1, 3, 21, 21, 1, 0, 8, 11, 11, 18, 8, 18, 5, 5, 2, 29, 2, 29, 0, 9, 6, 9, 35, 6, 13, 35, 13, 26, 32, 32, 26, 0, 12, 12, 10, 10, 0]
Cost: 4893734 Actual: 4893734, found after iteration 374320 (503.88 seconds)
Experiment ran for 647420 iterations.
[34, 23, 23, 14, 34, 17, 14, 17, 27, 27, 28, 28, 20, 20, 0, 16, 16, 30, 7, 7, 30, 33, 33, 0, 19, 19, 24, 24, 22, 22, 25, 25, 31, 31, 0, 4, 4, 15, 15, 3, 1, 3, 21, 21, 1, 0, 8, 11, 11, 18, 8, 18, 5, 5, 2, 29, 2, 29, 0, 9, 6, 9, 35, 6, 13, 35, 13, 26, 32, 32, 26, 0, 12, 12, 10, 10, 0]
Cost: 4893734 Actual: 4893734, found after iteration 229334 (306.08 seconds)
Experiment ran for 676823 iterations.
[34, 23, 23, 14, 34, 17, 14, 17, 27, 27, 28, 28, 20, 20, 0, 16, 16, 30, 7, 7, 30, 33, 33, 0, 19, 19, 24, 24, 22, 22, 25, 25, 31, 31, 0, 4, 4, 15, 15, 3, 1, 3, 21, 21, 1, 0, 9, 6, 9, 35, 6, 13, 35, 13, 26, 32, 32, 26, 0, 8, 11, 11, 18, 8, 18, 5, 5, 2, 29, 2, 29, 0, 12, 12, 10, 10, 0]
Cost: 4893734 Actual: 4893734, found after iteration 203179 (293.12 seconds)
Experiment ran for 618260 iterations.
[34, 23, 23, 14, 34, 17, 14, 17, 27, 27, 28, 28, 20, 20, 0, 16, 16, 30, 7, 7, 30, 33, 33, 0, 19, 19, 24, 24, 22, 22, 25, 25, 31, 31, 0, 4, 4, 15, 15, 3, 1, 3, 21, 21, 1, 0, 9, 6, 9, 35, 6, 13, 35, 13, 26, 32, 32, 26, 0, 8, 11, 11, 18, 18, 8, 5, 5, 2, 29, 2, 29, 0, 12, 12, 10, 10, 0]
Cost: 4893734 Actual: 4893734, found after iteration 170572 (245.34 seconds)
Experiment ran for 679963 iterations.
[34, 23, 23, 14, 34, 17, 14, 17, 27, 27, 28, 28, 20, 20, 0, 16, 16, 30, 7, 7, 30, 33, 33, 0, 19, 19, 24, 24, 22, 22, 25, 25, 31, 31, 0, 4, 4, 15, 15, 3, 1, 3, 21, 21, 1, 0, 8, 11, 11, 18, 8, 18, 5, 5, 2, 29, 2, 29, 0, 9, 6, 9, 35, 6, 13, 35, 13, 26, 32, 32, 26, 0, 12, 12, 10, 10, 0]
Cost: 4893734 Actual: 4893734, found after iteration 162944 (197.78 seconds)
Experiment ran for 721138 iterations.
[34, 23, 23, 14, 34, 17, 14, 17, 27, 27, 28, 28, 20, 20, 0, 16, 16, 30, 7, 7, 30, 33, 33, 0, 19, 19, 24, 24, 22, 22, 25, 25, 31, 31, 0, 4, 4, 15, 15, 3, 1, 3, 21, 21, 1, 0, 9, 6, 9, 35, 6, 13, 35, 13, 26, 32, 32, 26, 0, 8, 11, 11, 18, 8, 18, 5, 5, 2, 29, 2, 29, 0, 12, 12, 10, 10, 0]
Cost: 4893734 Actual: 4893734, found after iteration 352292 (414.15 seconds)
Experiment ran for 743918 iterations.
[34, 23, 23, 14, 34, 17, 14, 17, 27, 27, 28, 28, 20, 20, 0, 16, 16, 30, 7, 7, 30, 33, 33, 0, 19, 19, 24, 24, 22, 22, 25, 25, 31, 31, 0, 4, 4, 15, 15, 3, 1, 3, 21, 21, 1, 0, 9, 6, 9, 35, 6, 13, 35, 13, 26, 32, 32, 26, 0, 8, 11, 11, 18, 8, 18, 5, 5, 2, 29, 2, 29, 0, 12, 12, 10, 10, 0]
Cost: 4893734 Actual: 4893734, found after iteration 289245 (358.92 seconds)
Experiment ran for 744342 iterations.
[34, 23, 23, 14, 34, 17, 14, 17, 27, 27, 28, 28, 20, 20, 0, 16, 16, 30, 7, 7, 30, 33, 33, 0, 19, 19, 24, 24, 22, 22, 25, 25, 31, 31, 0, 4, 4, 15, 15, 3, 1, 3, 21, 21, 1, 0, 9, 6, 9, 35, 6, 13, 35, 13, 26, 32, 32, 26, 0, 8, 11, 11, 18, 18, 8, 5, 5, 2, 29, 2, 29, 0, 12, 12, 10, 10, 0]
Cost: 4893734 Actual: 4893734, found after iteration 212074 (255.88 seconds)
Experiment ran for 764153 iterations.
[34, 23, 23, 14, 34, 17, 14, 17, 27, 27, 28, 28, 20, 20, 0, 16, 16, 30, 7, 7, 30, 33, 33, 0, 19, 19, 24, 24, 22, 22, 25, 25, 31, 31, 0, 4, 4, 15, 15, 3, 1, 3, 21, 21, 1, 0, 8, 11, 11, 18, 8, 18, 5, 5, 2, 29, 2, 29, 0, 9, 6, 9, 35, 6, 13, 35, 13, 26, 32, 32, 26, 0, 12, 12, 10, 10, 0]
Cost: 4893734 Actual: 4893734, found after iteration 217561 (261.09 seconds)
Experiment ran for 773640 iterations.

Instance name     :    Call_35_Vehicle_7
Average objective :    4893734.00
Best objective    :    4893734.00
Improvement (%)   :    73.386004 %
Running time (s)  :    900.000 s
Best solution     :    [34, 23, 23, 14, 34, 17, 14, 17, 27, 27, 28, 28, 20, 20, 0, 16, 16, 30, 7, 7, 30, 33, 33, 0, 19, 19, 24, 24, 22, 22, 25, 25, 31, 31, 0, 4, 4, 15, 15, 3, 1, 3, 21, 21, 1, 0, 8, 11, 11, 18, 8, 18, 5, 5, 2, 29, 2, 29, 0, 9, 6, 9, 35, 6, 13, 35, 13, 26, 32, 32, 26, 0, 12, 12, 10, 10, 0]
LaTeX copypaste   :    Final Adaptive Metaheuristic & 4893734.00 & 4893734.00 & 73.386004 \% & 900.000 s\\

[25, 68, 25, 62, 62, 68, 20, 20, 16, 16, 0, 22, 22, 34, 59, 34, 17, 59, 27, 27, 17, 33, 33, 0, 60, 60, 64, 64, 0, 54, 63, 63, 54, 0, 74, 79, 74, 28, 28, 58, 79, 58, 0, 18, 18, 35, 42, 35, 3, 3, 42, 80, 80, 7, 7, 0, 66, 66, 5, 5, 77, 77, 0, 39, 61, 39, 61, 55, 46, 55, 36, 50, 46, 14, 36, 50, 14, 0, 8, 8, 49, 49, 72, 73, 73, 10, 72, 10, 0, 15, 70, 15, 23, 23, 11, 11, 45, 45, 70, 69, 48, 48, 69, 0, 21, 37, 37, 21, 0, 4, 4, 71, 71, 65, 12, 65, 12, 0, 1, 26, 26, 1, 0, 76, 44, 76, 44, 0, 51, 43, 51, 43, 52, 56, 56, 52, 0, 32, 41, 41, 29, 32, 29, 78, 78, 2, 2, 24, 24, 0, 53, 30, 53, 30, 9, 19, 9, 19, 47, 47, 6, 6, 0, 38, 38, 31, 31, 0, 40, 40, 13, 13, 75, 75, 0, 57, 67, 67, 57, 0]
Cost: 10340869 Actual: 10340869, found after iteration 93785 (670.66 seconds)
Experiment ran for 126649 iterations.
[32, 32, 35, 45, 45, 12, 35, 12, 16, 16, 0, 64, 64, 5, 5, 58, 58, 0, 22, 68, 22, 34, 79, 34, 69, 68, 48, 48, 69, 79, 0, 8, 8, 0, 71, 71, 72, 73, 73, 10, 72, 10, 0, 18, 18, 49, 49, 65, 65, 17, 27, 27, 17, 0, 15, 70, 15, 11, 11, 62, 62, 70, 20, 20, 0, 39, 39, 55, 42, 42, 55, 80, 80, 7, 7, 0, 41, 23, 23, 61, 74, 61, 41, 46, 74, 3, 3, 36, 50, 46, 14, 36, 14, 50, 0, 54, 63, 54, 63, 0, 21, 37, 21, 37, 0, 4, 4, 28, 28, 33, 33, 0, 57, 57, 31, 31, 0, 9, 19, 9, 19, 47, 47, 6, 6, 0, 66, 1, 66, 1, 0, 25, 25, 51, 43, 51, 43, 0, 53, 30, 30, 53, 76, 44, 44, 76, 0, 38, 38, 59, 26, 59, 77, 26, 77, 52, 56, 56, 52, 0, 29, 29, 78, 78, 2, 2, 24, 24, 0, 60, 40, 60, 40, 13, 67, 13, 67, 75, 75, 0]
Cost: 10528045 Actual: 10528045, found after iteration 36173 (252.25 seconds)
Experiment ran for 133229 iterations.
[8, 8, 49, 49, 72, 73, 73, 10, 72, 10, 0, 22, 68, 22, 34, 34, 68, 20, 20, 16, 16, 0, 18, 18, 35, 42, 35, 3, 3, 42, 80, 80, 7, 7, 0, 54, 63, 63, 54, 0, 62, 62, 45, 45, 77, 77, 0, 64, 64, 0, 15, 15, 11, 11, 55, 55, 28, 28, 58, 58, 0, 39, 39, 59, 79, 59, 27, 79, 27, 33, 33, 0, 70, 21, 21, 70, 69, 48, 48, 69, 0, 66, 66, 5, 5, 0, 41, 23, 41, 23, 61, 74, 61, 46, 74, 36, 50, 46, 14, 36, 14, 50, 0, 4, 4, 71, 71, 65, 12, 65, 12, 0, 25, 1, 25, 26, 26, 1, 0, 43, 43, 52, 52, 0, 57, 67, 67, 57, 0, 32, 29, 29, 32, 78, 78, 17, 2, 17, 2, 24, 24, 56, 56, 6, 6, 0, 53, 30, 53, 30, 76, 44, 76, 44, 0, 38, 51, 38, 75, 51, 75, 0, 9, 19, 9, 19, 47, 47, 0, 60, 40, 60, 40, 13, 13, 37, 31, 37, 31, 0]
Cost: 10581648 Actual: 10581648, found after iteration 30341 (203.37 seconds)
Experiment ran for 128572 iterations.
[41, 70, 41, 11, 11, 62, 62, 70, 48, 17, 48, 17, 0, 54, 63, 63, 54, 5, 5, 77, 77, 0, 60, 60, 64, 64, 0, 8, 8, 20, 20, 16, 16, 0, 71, 71, 65, 12, 65, 12, 7, 7, 0, 22, 22, 26, 37, 37, 26, 0, 66, 66, 0, 39, 61, 39, 59, 61, 59, 49, 49, 72, 73, 73, 10, 72, 10, 0, 53, 1, 23, 23, 53, 29, 29, 1, 0, 15, 15, 4, 4, 55, 42, 55, 3, 42, 3, 36, 80, 80, 50, 14, 36, 50, 14, 0, 21, 68, 21, 68, 69, 27, 27, 69, 0, 35, 74, 35, 74, 28, 28, 58, 58, 33, 33, 0, 25, 34, 25, 19, 34, 19, 47, 47, 0, 76, 44, 76, 44, 0, 38, 46, 38, 31, 46, 31, 0, 32, 51, 9, 9, 32, 78, 51, 78, 2, 2, 24, 24, 56, 56, 6, 6, 0, 30, 30, 57, 67, 67, 57, 0, 43, 79, 79, 43, 0, 40, 40, 13, 13, 75, 75, 0, 18, 45, 45, 18, 52, 52, 0]
Cost: 10498398 Actual: 10498398, found after iteration 68306 (493.83 seconds)
Experiment ran for 122600 iterations.
[70, 21, 21, 69, 70, 48, 48, 69, 0, 64, 64, 0, 60, 60, 40, 62, 62, 45, 45, 65, 40, 12, 65, 12, 16, 16, 0, 54, 63, 63, 54, 0, 71, 71, 49, 49, 72, 73, 73, 10, 72, 10, 0, 22, 68, 22, 34, 34, 68, 20, 20, 0, 32, 41, 41, 32, 35, 42, 35, 42, 80, 80, 7, 7, 0, 39, 39, 55, 55, 0, 8, 8, 5, 5, 17, 27, 17, 27, 0, 66, 66, 77, 77, 0, 4, 4, 28, 28, 58, 58, 33, 33, 0, 11, 11, 61, 74, 61, 46, 74, 3, 3, 36, 50, 46, 14, 36, 14, 50, 0, 25, 25, 9, 19, 9, 19, 47, 47, 6, 6, 0, 76, 44, 76, 44, 0, 15, 15, 23, 23, 43, 79, 79, 43, 0, 1, 26, 26, 1, 0, 53, 30, 30, 57, 53, 67, 57, 75, 67, 75, 0, 38, 51, 38, 59, 59, 78, 78, 51, 2, 2, 24, 24, 52, 56, 56, 52, 0, 13, 13, 37, 31, 37, 31, 0, 18, 29, 29, 18, 0]
Cost: 10584302 Actual: 10584302, found after iteration 34066 (241.42 seconds)
Experiment ran for 132882 iterations.
[25, 25, 23, 51, 23, 62, 62, 45, 45, 51, 72, 73, 73, 10, 72, 10, 0, 71, 71, 65, 12, 65, 12, 16, 16, 0, 22, 68, 22, 34, 34, 68, 20, 20, 0, 54, 63, 63, 54, 0, 74, 79, 74, 28, 28, 58, 79, 58, 0, 18, 18, 35, 42, 35, 3, 3, 42, 36, 80, 80, 50, 14, 36, 50, 14, 0, 15, 70, 15, 11, 11, 59, 59, 70, 69, 48, 48, 69, 0, 64, 64, 0, 8, 8, 49, 49, 77, 77, 0, 66, 66, 5, 5, 17, 27, 27, 17, 33, 33, 0, 21, 37, 37, 21, 0, 4, 4, 55, 46, 55, 7, 46, 7, 0, 1, 26, 26, 1, 0, 76, 44, 76, 44, 0, 43, 43, 47, 47, 6, 6, 0, 32, 41, 41, 29, 32, 29, 78, 78, 2, 2, 24, 24, 0, 53, 30, 30, 57, 53, 67, 67, 57, 0, 38, 38, 31, 31, 0, 39, 9, 61, 61, 39, 19, 9, 19, 52, 56, 56, 52, 0, 60, 40, 60, 40, 13, 13, 75, 75, 0]
Cost: 10342890 Actual: 10342890, found after iteration 112817 (676.94 seconds)
Experiment ran for 147369 iterations.
[41, 41, 11, 11, 71, 71, 65, 12, 65, 72, 12, 72, 7, 7, 0, 64, 64, 5, 5, 17, 27, 17, 27, 33, 33, 0, 22, 22, 26, 26, 0, 8, 8, 20, 20, 16, 16, 0, 35, 74, 35, 46, 74, 3, 3, 36, 50, 46, 14, 36, 50, 14, 0, 54, 63, 63, 54, 0, 66, 66, 49, 49, 77, 77, 0, 39, 61, 39, 61, 55, 42, 42, 55, 80, 80, 10, 10, 0, 53, 1, 23, 23, 9, 53, 9, 1, 0, 15, 70, 15, 68, 34, 34, 70, 69, 48, 68, 69, 48, 56, 56, 0, 21, 37, 37, 21, 0, 4, 4, 28, 28, 58, 58, 0, 25, 25, 51, 59, 59, 78, 78, 51, 2, 2, 24, 24, 0, 76, 44, 76, 44, 0, 43, 79, 79, 43, 0, 32, 62, 62, 45, 45, 32, 19, 73, 19, 52, 52, 73, 0, 30, 30, 57, 67, 67, 57, 0, 38, 38, 31, 31, 0, 18, 29, 29, 18, 47, 47, 6, 6, 0, 60, 40, 60, 40, 13, 13, 75, 75, 0]
Cost: 10450049 Actual: 10450049, found after iteration 90399 (530.15 seconds)
Experiment ran for 150143 iterations.
[4, 4, 11, 11, 55, 42, 42, 55, 80, 80, 7, 7, 0, 64, 64, 5, 5, 17, 27, 27, 17, 33, 33, 0, 35, 74, 35, 74, 3, 3, 36, 50, 14, 36, 50, 14, 0, 54, 63, 63, 54, 65, 12, 65, 12, 0, 71, 71, 72, 73, 73, 10, 72, 10, 0, 22, 22, 26, 26, 0, 66, 66, 77, 77, 0, 39, 61, 39, 46, 61, 46, 28, 28, 58, 58, 0, 8, 8, 69, 48, 48, 69, 0, 15, 70, 15, 68, 34, 34, 68, 70, 20, 20, 16, 16, 0, 21, 37, 21, 37, 0, 1, 29, 29, 1, 0, 25, 25, 9, 19, 9, 19, 47, 47, 0, 76, 44, 76, 44, 0, 38, 51, 38, 59, 59, 78, 78, 51, 2, 2, 24, 24, 56, 56, 6, 6, 0, 32, 41, 41, 62, 62, 45, 45, 32, 0, 53, 30, 30, 57, 53, 67, 57, 75, 67, 75, 0, 23, 23, 43, 79, 79, 43, 0, 18, 49, 49, 18, 52, 52, 0, 60, 40, 60, 40, 13, 13, 31, 31, 0]
Cost: 10586567 Actual: 10586567, found after iteration 23972 (148.44 seconds)
Experiment ran for 147388 iterations.
[8, 8, 49, 49, 77, 77, 0, 54, 63, 54, 63, 0, 22, 68, 22, 34, 34, 68, 20, 20, 0, 18, 18, 35, 67, 79, 35, 67, 28, 28, 58, 79, 58, 0, 71, 71, 65, 12, 65, 12, 7, 7, 0, 64, 64, 0, 66, 66, 5, 5, 17, 27, 17, 27, 0, 39, 39, 74, 46, 74, 3, 3, 36, 50, 46, 14, 36, 50, 14, 0, 25, 25, 51, 62, 62, 45, 51, 45, 72, 73, 73, 10, 72, 10, 0, 15, 70, 15, 23, 23, 11, 11, 59, 59, 69, 70, 48, 69, 48, 33, 33, 0, 21, 37, 37, 21, 0, 4, 4, 55, 42, 42, 55, 80, 80, 16, 16, 0, 1, 26, 26, 1, 0, 76, 44, 76, 44, 0, 43, 43, 52, 52, 0, 32, 41, 41, 29, 29, 32, 78, 78, 2, 2, 24, 56, 24, 56, 6, 6, 0, 53, 30, 53, 30, 9, 19, 9, 19, 47, 47, 0, 38, 38, 31, 31, 0, 57, 61, 61, 57, 0, 60, 40, 60, 40, 13, 13, 75, 75, 0]
Cost: 10440364 Actual: 10440364, found after iteration 81979 (481.61 seconds)
Experiment ran for 147411 iterations.
[8, 8, 58, 58, 0, 60, 60, 35, 74, 35, 46, 74, 3, 3, 46, 16, 16, 0, 22, 22, 26, 37, 37, 26, 0, 54, 63, 63, 54, 5, 5, 77, 77, 0, 62, 62, 45, 45, 27, 27, 0, 64, 64, 0, 15, 41, 15, 41, 11, 11, 71, 71, 65, 12, 65, 12, 80, 36, 80, 50, 14, 36, 14, 50, 0, 39, 61, 39, 61, 55, 42, 42, 55, 28, 28, 33, 33, 0, 53, 70, 68, 34, 34, 53, 70, 68, 20, 20, 7, 7, 0, 66, 66, 49, 49, 72, 73, 73, 10, 72, 10, 0, 1, 23, 23, 29, 29, 1, 0, 4, 4, 59, 79, 59, 69, 48, 48, 69, 79, 0, 25, 25, 9, 19, 9, 19, 47, 47, 0, 76, 44, 76, 44, 0, 38, 38, 75, 75, 0, 32, 21, 32, 21, 52, 52, 0, 30, 30, 57, 67, 67, 57, 0, 51, 43, 51, 43, 0, 13, 13, 31, 31, 0, 18, 40, 40, 18, 78, 78, 17, 2, 17, 2, 24, 24, 56, 56, 6, 6, 0]
Cost: 10458948 Actual: 10458948, found after iteration 47924 (286.76 seconds)
Experiment ran for 153143 iterations.

Instance name     :    Call_80_Vehicle_20
Average objective :    10481208.00
Best objective    :    10340869.00
Improvement (%)   :    77.885796 %
Running time (s)  :    900.010 s
Best solution     :    [25, 68, 25, 62, 62, 68, 20, 20, 16, 16, 0, 22, 22, 34, 59, 34, 17, 59, 27, 27, 17, 33, 33, 0, 60, 60, 64, 64, 0, 54, 63, 63, 54, 0, 74, 79, 74, 28, 28, 58, 79, 58, 0, 18, 18, 35, 42, 35, 3, 3, 42, 80, 80, 7, 7, 0, 66, 66, 5, 5, 77, 77, 0, 39, 61, 39, 61, 55, 46, 55, 36, 50, 46, 14, 36, 50, 14, 0, 8, 8, 49, 49, 72, 73, 73, 10, 72, 10, 0, 15, 70, 15, 23, 23, 11, 11, 45, 45, 70, 69, 48, 48, 69, 0, 21, 37, 37, 21, 0, 4, 4, 71, 71, 65, 12, 65, 12, 0, 1, 26, 26, 1, 0, 76, 44, 76, 44, 0, 51, 43, 51, 43, 52, 56, 56, 52, 0, 32, 41, 41, 29, 32, 29, 78, 78, 2, 2, 24, 24, 0, 53, 30, 53, 30, 9, 19, 9, 19, 47, 47, 6, 6, 0, 38, 38, 31, 31, 0, 40, 40, 13, 13, 75, 75, 0, 57, 67, 67, 57, 0]
LaTeX copypaste   :    Final Adaptive Metaheuristic & 10481208.00 & 10340869.00 & 77.885796 \% & 900.010 s\\

[15, 15, 16, 16, 41, 61, 111, 41, 61, 51, 51, 111, 0, 60, 60, 73, 124, 124, 73, 0, 105, 105, 55, 109, 109, 55, 10, 53, 30, 10, 30, 53, 0, 97, 97, 0, 126, 126, 117, 117, 0, 96, 23, 96, 23, 62, 62, 63, 83, 83, 63, 0, 34, 68, 70, 34, 48, 68, 70, 48, 0, 5, 5, 99, 67, 99, 92, 67, 46, 92, 46, 0, 84, 98, 98, 114, 84, 65, 114, 127, 65, 127, 0, 3, 3, 21, 50, 50, 21, 0, 88, 88, 130, 130, 110, 110, 20, 20, 0, 4, 4, 9, 40, 9, 40, 0, 37, 28, 36, 28, 77, 36, 77, 37, 0, 115, 69, 69, 115, 0, 11, 11, 120, 120, 104, 79, 79, 104, 0, 80, 80, 118, 118, 59, 7, 7, 59, 64, 64, 0, 103, 103, 54, 54, 125, 81, 125, 12, 81, 12, 0, 107, 107, 26, 26, 39, 39, 0, 33, 33, 112, 112, 0, 129, 129, 122, 91, 94, 94, 122, 91, 0, 27, 49, 27, 49, 58, 29, 82, 29, 58, 82, 0, 19, 95, 19, 47, 95, 56, 56, 47, 57, 57, 0, 72, 102, 102, 22, 22, 72, 0, 32, 121, 121, 45, 32, 45, 24, 24, 0, 75, 17, 17, 75, 0, 106, 66, 66, 106, 0, 44, 6, 6, 44, 0, 2, 2, 78, 78, 0, 85, 85, 89, 43, 89, 43, 0, 0, 25, 1, 25, 31, 1, 31, 0, 86, 86, 113, 18, 18, 113, 0, 8, 90, 90, 8, 128, 128, 0, 87, 87, 52, 35, 52, 35, 0, 123, 42, 74, 74, 123, 42, 119, 119, 0, 108, 108, 0, 116, 116, 76, 76, 0, 100, 100, 71, 14, 71, 14, 0, 93, 93, 13, 101, 13, 101, 0, 38, 38, 0]
Cost: 16576518 Actual: 16576518, found after iteration 34412 (586.68 seconds)
Experiment ran for 52286 iterations.
[41, 41, 23, 23, 107, 107, 37, 28, 36, 28, 77, 36, 37, 77, 0, 42, 96, 96, 50, 42, 118, 118, 9, 17, 9, 17, 50, 0, 105, 105, 62, 63, 62, 83, 63, 83, 39, 39, 0, 27, 27, 124, 67, 67, 124, 26, 26, 0, 126, 126, 117, 117, 0, 74, 74, 25, 25, 59, 7, 7, 59, 64, 64, 0, 34, 68, 70, 34, 70, 68, 20, 20, 30, 53, 53, 30, 0, 5, 73, 5, 99, 99, 73, 0, 84, 114, 114, 84, 90, 18, 90, 18, 0, 88, 88, 108, 108, 125, 122, 91, 125, 122, 91, 0, 21, 21, 0, 32, 32, 22, 22, 92, 46, 92, 46, 0, 121, 121, 97, 97, 0, 60, 60, 102, 102, 130, 130, 110, 110, 48, 48, 0, 11, 11, 120, 120, 104, 79, 79, 104, 0, 15, 15, 16, 16, 55, 109, 109, 55, 10, 10, 0, 103, 103, 54, 54, 81, 94, 94, 12, 81, 12, 0, 4, 4, 111, 61, 61, 51, 51, 111, 0, 129, 129, 0, 33, 33, 0, 115, 69, 113, 69, 113, 115, 0, 123, 98, 98, 38, 38, 123, 119, 119, 0, 72, 112, 112, 72, 0, 116, 116, 76, 76, 0, 87, 87, 128, 128, 0, 3, 106, 3, 66, 106, 66, 0, 6, 44, 6, 44, 0, 49, 58, 49, 58, 65, 127, 65, 127, 71, 14, 71, 14, 0, 85, 85, 89, 43, 43, 89, 0, 0, 1, 31, 31, 1, 0, 86, 86, 29, 45, 45, 29, 0, 8, 8, 52, 35, 52, 35, 0, 19, 95, 19, 47, 95, 56, 56, 47, 57, 57, 0, 2, 2, 40, 24, 24, 40, 0, 13, 101, 13, 101, 0, 80, 80, 0, 75, 75, 0, 93, 82, 93, 78, 78, 82, 0, 100, 100, 0]
Cost: 16564205 Actual: 16564205, found after iteration 37547 (645.56 seconds)
Experiment ran for 51917 iterations.
[15, 15, 16, 16, 41, 55, 55, 118, 118, 59, 41, 51, 59, 51, 0, 114, 58, 114, 58, 45, 17, 17, 45, 56, 56, 20, 20, 0, 115, 69, 69, 115, 0, 60, 60, 124, 67, 67, 124, 26, 26, 0, 97, 97, 0, 126, 73, 126, 99, 99, 73, 10, 53, 30, 10, 30, 53, 0, 34, 68, 70, 34, 70, 48, 68, 48, 0, 33, 33, 125, 65, 125, 127, 65, 127, 0, 84, 95, 95, 84, 63, 83, 83, 63, 0, 3, 3, 21, 50, 50, 21, 91, 39, 91, 39, 0, 110, 110, 64, 64, 0, 23, 23, 107, 107, 37, 28, 36, 28, 77, 36, 37, 77, 0, 121, 121, 96, 109, 96, 7, 7, 109, 0, 105, 105, 120, 120, 104, 79, 79, 104, 0, 54, 90, 54, 81, 90, 94, 94, 12, 81, 12, 0, 80, 80, 0, 103, 103, 4, 4, 89, 111, 89, 111, 0, 11, 11, 62, 62, 112, 112, 0, 5, 5, 22, 61, 61, 22, 92, 46, 92, 46, 0, 129, 129, 117, 117, 0, 49, 27, 49, 27, 108, 108, 122, 47, 47, 57, 122, 57, 0, 123, 98, 98, 38, 38, 123, 119, 119, 0, 72, 102, 102, 130, 130, 72, 0, 88, 9, 9, 88, 0, 75, 75, 0, 106, 66, 66, 106, 0, 6, 44, 6, 44, 0, 100, 100, 43, 43, 0, 85, 85, 76, 76, 0, 0, 116, 116, 71, 14, 71, 14, 0, 2, 2, 82, 78, 78, 82, 0, 8, 8, 128, 128, 0, 86, 86, 113, 18, 18, 113, 0, 87, 87, 52, 35, 52, 35, 0, 13, 101, 13, 101, 0, 32, 29, 32, 29, 0, 42, 74, 74, 42, 25, 1, 25, 31, 31, 1, 0, 93, 93, 40, 24, 24, 40, 0, 19, 19, 0]
Cost: 16494600 Actual: 16494600, found after iteration 49434 (843.61 seconds)
Experiment ran for 52705 iterations.
[21, 41, 41, 82, 21, 122, 82, 65, 56, 56, 122, 65, 0, 60, 60, 73, 124, 73, 124, 26, 26, 0, 105, 105, 107, 107, 68, 110, 110, 68, 20, 20, 0, 74, 74, 34, 50, 34, 62, 62, 45, 45, 50, 0, 129, 129, 125, 40, 125, 48, 48, 40, 0, 126, 126, 130, 61, 61, 37, 130, 28, 36, 28, 77, 36, 37, 77, 0, 118, 118, 59, 127, 127, 59, 64, 64, 0, 5, 5, 97, 97, 81, 94, 94, 12, 81, 12, 0, 84, 98, 98, 114, 114, 84, 90, 18, 90, 18, 0, 3, 3, 88, 88, 63, 83, 83, 63, 0, 15, 15, 16, 16, 23, 23, 55, 109, 55, 109, 10, 10, 0, 123, 42, 123, 42, 25, 25, 7, 7, 0, 121, 121, 120, 120, 111, 79, 79, 111, 0, 72, 67, 67, 70, 72, 30, 53, 53, 30, 70, 0, 96, 96, 4, 4, 104, 51, 51, 104, 0, 32, 32, 117, 117, 39, 39, 0, 103, 103, 11, 11, 9, 17, 9, 17, 0, 54, 54, 0, 102, 102, 22, 22, 92, 46, 92, 46, 0, 33, 33, 0, 115, 69, 113, 69, 113, 115, 0, 87, 87, 47, 91, 47, 57, 91, 57, 0, 2, 2, 108, 108, 52, 35, 52, 35, 0, 1, 31, 1, 31, 0, 75, 95, 95, 75, 0, 106, 66, 106, 66, 0, 27, 49, 27, 49, 58, 29, 58, 29, 78, 78, 0, 6, 44, 6, 44, 0, 85, 85, 76, 76, 0, 0, 116, 116, 71, 14, 71, 14, 0, 100, 100, 89, 43, 43, 89, 0, 86, 86, 99, 112, 112, 99, 0, 0, 19, 19, 128, 128, 0, 13, 101, 13, 101, 0, 80, 80, 119, 119, 0, 38, 38, 0, 93, 93, 24, 24, 0, 8, 8, 0]
Cost: 16639249 Actual: 16639249, found after iteration 26629 (492.85 seconds)
Experiment ran for 48595 iterations.
[41, 41, 4, 4, 111, 17, 17, 111, 0, 74, 67, 67, 74, 68, 92, 70, 92, 48, 68, 70, 48, 0, 105, 105, 55, 55, 25, 25, 59, 59, 20, 20, 0, 42, 96, 96, 42, 118, 118, 109, 46, 109, 46, 0, 126, 82, 126, 82, 0, 97, 97, 0, 26, 26, 0, 5, 5, 22, 22, 10, 53, 30, 10, 30, 53, 0, 16, 16, 54, 54, 0, 3, 3, 106, 34, 34, 9, 106, 81, 9, 56, 56, 12, 81, 12, 0, 88, 88, 29, 40, 29, 65, 40, 35, 65, 7, 7, 35, 0, 32, 32, 117, 117, 0, 66, 66, 0, 115, 95, 95, 115, 0, 11, 11, 120, 120, 61, 104, 61, 51, 51, 104, 0, 15, 15, 103, 103, 23, 23, 107, 107, 110, 110, 64, 64, 0, 84, 114, 114, 84, 62, 62, 63, 83, 63, 83, 39, 39, 0, 21, 50, 21, 122, 125, 50, 125, 127, 122, 127, 0, 102, 102, 130, 37, 130, 28, 36, 28, 77, 36, 37, 77, 0, 33, 33, 94, 94, 0, 27, 49, 27, 49, 108, 108, 128, 128, 0, 2, 2, 24, 24, 0, 72, 73, 124, 124, 73, 72, 0, 116, 116, 57, 57, 0, 75, 75, 0, 121, 121, 100, 79, 100, 76, 79, 76, 0, 44, 6, 6, 44, 0, 60, 58, 60, 58, 18, 45, 45, 18, 0, 85, 85, 89, 43, 43, 89, 0, 0, 1, 31, 1, 31, 0, 123, 98, 98, 38, 38, 123, 0, 19, 90, 19, 90, 0, 86, 86, 99, 112, 112, 99, 0, 8, 8, 52, 91, 91, 52, 0, 13, 101, 13, 101, 0, 80, 80, 119, 119, 0, 87, 69, 69, 87, 47, 47, 71, 14, 71, 14, 0, 93, 93, 78, 78, 0, 113, 129, 129, 113, 0]
Cost: 16857077 Actual: 16857077, found after iteration 18648 (337.33 seconds)
Experiment ran for 51939 iterations.
[88, 88, 29, 95, 95, 29, 63, 83, 83, 63, 0, 27, 27, 102, 102, 62, 62, 112, 37, 112, 28, 36, 28, 77, 36, 77, 37, 0, 115, 69, 69, 115, 0, 11, 11, 120, 120, 104, 79, 79, 104, 0, 107, 107, 26, 26, 0, 42, 96, 96, 50, 42, 118, 118, 9, 17, 17, 9, 50, 0, 34, 68, 70, 34, 68, 70, 20, 20, 0, 33, 33, 125, 65, 125, 127, 65, 127, 0, 103, 103, 4, 4, 110, 110, 48, 48, 0, 3, 3, 21, 41, 41, 90, 21, 90, 0, 32, 32, 22, 61, 61, 22, 0, 126, 126, 108, 108, 0, 121, 121, 117, 117, 0, 105, 105, 23, 23, 55, 109, 55, 10, 109, 53, 30, 10, 30, 53, 0, 124, 67, 124, 92, 67, 46, 92, 46, 0, 15, 15, 16, 16, 97, 97, 81, 94, 94, 12, 81, 12, 0, 84, 98, 98, 114, 84, 114, 45, 40, 40, 56, 45, 56, 64, 64, 0, 123, 74, 123, 74, 25, 25, 59, 51, 59, 51, 0, 5, 73, 5, 99, 99, 73, 0, 129, 129, 91, 39, 91, 39, 0, 44, 6, 6, 44, 0, 87, 87, 128, 128, 0, 2, 2, 82, 24, 24, 82, 0, 80, 80, 119, 119, 0, 75, 75, 0, 106, 66, 106, 66, 0, 72, 49, 49, 130, 130, 72, 0, 60, 58, 60, 58, 0, 85, 85, 89, 43, 43, 89, 0, 0, 0, 54, 111, 54, 111, 0, 38, 38, 1, 31, 31, 1, 0, 100, 100, 71, 14, 71, 14, 0, 19, 19, 52, 35, 52, 7, 7, 35, 0, 78, 78, 0, 116, 116, 76, 76, 0, 86, 86, 113, 18, 18, 113, 0, 93, 93, 13, 101, 13, 101, 0, 8, 122, 8, 47, 47, 57, 122, 57, 0]
Cost: 16477318 Actual: 16477318, found after iteration 56467 (851.70 seconds)
Experiment ran for 59296 iterations.
[11, 11, 120, 120, 61, 104, 61, 51, 51, 104, 0, 60, 60, 130, 130, 110, 110, 48, 48, 0, 105, 105, 55, 109, 109, 55, 10, 10, 0, 27, 27, 102, 102, 117, 117, 0, 33, 33, 125, 65, 125, 127, 65, 127, 0, 97, 97, 81, 94, 94, 12, 81, 12, 0, 50, 118, 118, 9, 9, 50, 0, 5, 5, 22, 37, 22, 28, 36, 28, 77, 36, 37, 77, 0, 84, 114, 114, 84, 62, 62, 63, 83, 83, 63, 0, 88, 88, 108, 108, 45, 17, 45, 17, 56, 56, 64, 64, 0, 80, 80, 34, 68, 70, 34, 70, 68, 20, 20, 30, 53, 53, 30, 0, 96, 96, 23, 23, 107, 107, 92, 46, 92, 46, 0, 121, 121, 111, 79, 79, 111, 0, 115, 69, 69, 115, 0, 54, 54, 0, 15, 15, 16, 16, 41, 41, 7, 7, 0, 103, 103, 4, 4, 0, 129, 129, 91, 39, 91, 39, 0, 0, 113, 95, 95, 113, 0, 49, 72, 49, 73, 124, 124, 73, 72, 0, 87, 87, 122, 47, 47, 57, 122, 57, 0, 2, 2, 99, 112, 112, 99, 0, 21, 32, 32, 21, 52, 35, 52, 35, 0, 86, 86, 58, 29, 82, 82, 29, 58, 78, 78, 0, 3, 106, 3, 66, 106, 66, 0, 6, 44, 6, 44, 0, 42, 74, 67, 74, 42, 119, 67, 119, 0, 85, 85, 71, 14, 71, 14, 0, 0, 25, 1, 25, 31, 1, 31, 0, 123, 98, 98, 38, 38, 123, 26, 59, 59, 26, 0, 8, 8, 0, 126, 18, 126, 18, 128, 128, 0, 100, 100, 89, 43, 89, 43, 0, 13, 101, 13, 101, 0, 116, 116, 76, 76, 0, 75, 75, 0, 93, 93, 40, 24, 24, 40, 0, 19, 90, 19, 90, 0]
Cost: 16619292 Actual: 16619292, found after iteration 40326 (599.12 seconds)
Experiment ran for 59627 iterations.
[3, 3, 121, 41, 41, 121, 107, 107, 37, 28, 36, 28, 77, 36, 37, 77, 0, 60, 60, 102, 102, 82, 45, 45, 82, 65, 127, 65, 127, 0, 105, 105, 62, 62, 63, 83, 83, 63, 0, 27, 27, 124, 67, 124, 92, 67, 46, 92, 46, 0, 126, 126, 22, 22, 26, 26, 0, 42, 96, 96, 50, 42, 118, 118, 9, 17, 17, 9, 50, 0, 25, 25, 59, 7, 7, 59, 64, 64, 0, 5, 73, 5, 99, 99, 73, 10, 53, 30, 10, 53, 30, 0, 103, 103, 4, 4, 0, 15, 15, 16, 16, 97, 97, 0, 80, 80, 0, 123, 74, 123, 74, 34, 68, 70, 34, 70, 68, 20, 20, 0, 0, 49, 49, 33, 33, 125, 81, 125, 12, 81, 12, 0, 23, 23, 55, 109, 109, 55, 0, 88, 88, 130, 130, 110, 110, 48, 48, 0, 84, 98, 98, 114, 114, 84, 90, 18, 90, 122, 18, 91, 94, 94, 122, 91, 0, 11, 11, 120, 120, 61, 104, 61, 51, 51, 104, 0, 0, 129, 129, 117, 117, 39, 39, 0, 115, 113, 113, 115, 0, 87, 69, 87, 52, 69, 35, 52, 35, 0, 72, 112, 112, 72, 0, 106, 66, 106, 66, 0, 75, 75, 0, 21, 32, 32, 21, 0, 6, 44, 6, 44, 0, 2, 2, 78, 78, 0, 85, 85, 89, 43, 89, 43, 0, 0, 119, 119, 0, 19, 19, 128, 128, 0, 38, 38, 1, 31, 31, 1, 0, 86, 86, 58, 29, 58, 29, 40, 24, 24, 40, 0, 100, 79, 100, 76, 79, 76, 0, 108, 108, 0, 116, 116, 57, 57, 0, 8, 95, 8, 47, 95, 56, 56, 47, 71, 14, 71, 14, 0, 93, 93, 13, 101, 13, 101, 0, 54, 111, 54, 111, 0]
Cost: 16424758 Actual: 16424758, found after iteration 47972 (813.64 seconds)
Experiment ran for 52639 iterations.
[15, 15, 16, 16, 41, 41, 4, 4, 7, 7, 0, 27, 27, 102, 82, 102, 82, 0, 115, 69, 69, 115, 0, 60, 60, 124, 67, 124, 68, 67, 110, 110, 68, 20, 20, 0, 97, 97, 0, 42, 96, 96, 42, 25, 25, 59, 70, 59, 48, 70, 48, 0, 34, 34, 117, 117, 0, 5, 73, 5, 99, 99, 73, 0, 103, 103, 23, 23, 107, 107, 92, 46, 92, 46, 0, 3, 3, 88, 88, 83, 91, 83, 39, 91, 39, 0, 32, 32, 22, 22, 26, 26, 0, 54, 54, 81, 94, 94, 12, 81, 12, 0, 121, 121, 9, 17, 9, 17, 56, 56, 64, 64, 0, 105, 105, 55, 109, 109, 55, 10, 53, 30, 10, 53, 30, 0, 11, 11, 120, 120, 111, 61, 61, 51, 51, 111, 0, 21, 50, 21, 125, 50, 65, 125, 127, 65, 127, 0, 84, 98, 98, 114, 114, 84, 90, 18, 18, 90, 0, 123, 74, 74, 123, 118, 118, 104, 79, 79, 104, 0, 33, 33, 0, 62, 62, 112, 37, 112, 28, 36, 28, 77, 36, 37, 77, 0, 49, 72, 49, 130, 130, 72, 0, 113, 129, 129, 113, 0, 2, 2, 108, 122, 108, 47, 47, 57, 122, 57, 0, 80, 80, 119, 119, 0, 8, 8, 0, 106, 66, 106, 66, 0, 44, 6, 6, 44, 0, 19, 95, 19, 52, 95, 35, 52, 35, 0, 85, 85, 89, 43, 89, 43, 0, 0, 0, 75, 63, 75, 63, 0, 86, 86, 58, 29, 29, 58, 0, 38, 38, 1, 31, 31, 1, 0, 100, 100, 71, 14, 71, 14, 0, 40, 24, 24, 40, 0, 116, 116, 76, 76, 0, 87, 87, 128, 128, 0, 93, 93, 13, 101, 13, 101, 0, 126, 45, 126, 45, 78, 78, 0]
Cost: 16505556 Actual: 16505556, found after iteration 58479 (873.04 seconds)
Experiment ran for 60286 iterations.
[84, 114, 114, 84, 117, 117, 39, 39, 0, 27, 27, 124, 67, 124, 92, 67, 46, 92, 46, 0, 49, 49, 102, 102, 130, 61, 61, 130, 110, 110, 48, 48, 0, 42, 96, 96, 41, 42, 118, 41, 118, 83, 83, 0, 97, 97, 81, 56, 56, 12, 81, 12, 0, 126, 73, 126, 99, 99, 10, 73, 53, 30, 10, 53, 30, 0, 34, 68, 70, 34, 70, 68, 20, 20, 0, 33, 33, 125, 65, 125, 127, 65, 127, 0, 123, 74, 123, 74, 25, 25, 59, 7, 7, 59, 64, 64, 0, 88, 88, 108, 108, 122, 91, 94, 94, 122, 91, 0, 3, 3, 15, 50, 15, 9, 17, 17, 9, 50, 0, 106, 1, 106, 1, 0, 121, 121, 107, 107, 26, 26, 0, 105, 105, 23, 23, 55, 109, 109, 55, 0, 11, 11, 120, 120, 104, 79, 79, 104, 0, 66, 66, 0, 103, 103, 4, 4, 0, 16, 16, 80, 80, 0, 5, 5, 58, 95, 95, 58, 82, 45, 45, 82, 0, 62, 62, 112, 37, 112, 28, 36, 28, 77, 36, 77, 37, 0, 115, 129, 129, 115, 0, 69, 87, 87, 52, 69, 35, 52, 35, 0, 72, 22, 22, 72, 0, 116, 116, 57, 57, 0, 8, 90, 8, 47, 90, 47, 76, 76, 0, 21, 32, 32, 21, 0, 44, 6, 6, 44, 0, 60, 29, 60, 29, 0, 85, 85, 89, 43, 89, 43, 0, 0, 119, 119, 0, 86, 86, 113, 18, 18, 113, 0, 2, 2, 40, 24, 24, 40, 0, 19, 19, 128, 128, 0, 98, 98, 38, 38, 31, 51, 51, 31, 0, 13, 101, 13, 101, 0, 100, 100, 71, 14, 71, 14, 0, 75, 63, 75, 63, 0, 93, 93, 78, 78, 0, 54, 111, 54, 111, 0]
Cost: 16526732 Actual: 16526732, found after iteration 57492 (843.36 seconds)
Experiment ran for 61646 iterations.

Instance name     :    Call_130_Vehicle_40
Average objective :    16568530.50
Best objective    :    16424758.00
Improvement (%)   :    78.496880 %
Running time (s)  :    900.028 s
Best solution     :    [3, 3, 121, 41, 41, 121, 107, 107, 37, 28, 36, 28, 77, 36, 37, 77, 0, 60, 60, 102, 102, 82, 45, 45, 82, 65, 127, 65, 127, 0, 105, 105, 62, 62, 63, 83, 83, 63, 0, 27, 27, 124, 67, 124, 92, 67, 46, 92, 46, 0, 126, 126, 22, 22, 26, 26, 0, 42, 96, 96, 50, 42, 118, 118, 9, 17, 17, 9, 50, 0, 25, 25, 59, 7, 7, 59, 64, 64, 0, 5, 73, 5, 99, 99, 73, 10, 53, 30, 10, 53, 30, 0, 103, 103, 4, 4, 0, 15, 15, 16, 16, 97, 97, 0, 80, 80, 0, 123, 74, 123, 74, 34, 68, 70, 34, 70, 68, 20, 20, 0, 0, 49, 49, 33, 33, 125, 81, 125, 12, 81, 12, 0, 23, 23, 55, 109, 109, 55, 0, 88, 88, 130, 130, 110, 110, 48, 48, 0, 84, 98, 98, 114, 114, 84, 90, 18, 90, 122, 18, 91, 94, 94, 122, 91, 0, 11, 11, 120, 120, 61, 104, 61, 51, 51, 104, 0, 0, 129, 129, 117, 117, 39, 39, 0, 115, 113, 113, 115, 0, 87, 69, 87, 52, 69, 35, 52, 35, 0, 72, 112, 112, 72, 0, 106, 66, 106, 66, 0, 75, 75, 0, 21, 32, 32, 21, 0, 6, 44, 6, 44, 0, 2, 2, 78, 78, 0, 85, 85, 89, 43, 89, 43, 0, 0, 119, 119, 0, 19, 19, 128, 128, 0, 38, 38, 1, 31, 31, 1, 0, 86, 86, 58, 29, 58, 29, 40, 24, 24, 40, 0, 100, 79, 100, 76, 79, 76, 0, 108, 108, 0, 116, 116, 57, 57, 0, 8, 95, 8, 47, 95, 56, 56, 47, 71, 14, 71, 14, 0, 93, 93, 13, 101, 13, 101, 0, 54, 111, 54, 111, 0]
LaTeX copypaste   :    Final Adaptive Metaheuristic & 16568530.500 & 16424758.00 & 78.496880 \% & 900.028 s\\

[0, 67, 273, 61, 61, 273, 67, 80, 80, 0, 126, 207, 126, 207, 0, 7, 7, 293, 209, 209, 293, 0, 96, 200, 200, 96, 11, 11, 0, 217, 217, 0, 10, 10, 0, 0, 0, 15, 15, 271, 271, 0, 235, 235, 258, 258, 0, 0, 245, 266, 245, 266, 0, 279, 279, 0, 23, 23, 286, 220, 141, 286, 141, 220, 0, 68, 265, 68, 265, 219, 115, 219, 115, 0, 0, 0, 0, 48, 69, 48, 69, 0, 287, 287, 120, 120, 0, 233, 233, 0, 82, 136, 136, 82, 246, 246, 259, 259, 0, 195, 195, 0, 263, 263, 3, 3, 0, 155, 155, 26, 26, 0, 133, 133, 29, 29, 77, 90, 90, 77, 0, 206, 206, 0, 65, 300, 300, 291, 65, 182, 148, 291, 275, 275, 182, 148, 0, 0, 36, 88, 36, 88, 255, 27, 255, 27, 113, 102, 102, 113, 0, 193, 193, 285, 285, 205, 205, 107, 107, 106, 106, 0, 159, 159, 177, 177, 282, 282, 18, 140, 140, 18, 0, 247, 247, 222, 185, 222, 194, 164, 194, 164, 32, 32, 185, 197, 197, 0, 211, 89, 89, 211, 0, 35, 249, 249, 72, 35, 72, 0, 134, 134, 261, 144, 144, 261, 165, 146, 146, 165, 0, 24, 24, 108, 108, 281, 81, 281, 262, 262, 99, 81, 99, 0, 278, 277, 278, 277, 62, 212, 62, 124, 212, 124, 34, 50, 34, 298, 298, 50, 0, 143, 143, 71, 71, 33, 33, 139, 139, 130, 130, 0, 31, 31, 5, 125, 5, 125, 117, 117, 0, 244, 244, 221, 91, 221, 91, 14, 104, 14, 104, 0, 242, 242, 234, 234, 21, 163, 163, 21, 0, 168, 168, 256, 256, 40, 60, 60, 40, 231, 231, 0, 123, 269, 269, 123, 145, 145, 153, 153, 292, 198, 198, 292, 0, 210, 210, 98, 98, 9, 294, 227, 294, 9, 227, 0, 137, 137, 230, 230, 127, 297, 127, 196, 297, 196, 0, 248, 208, 208, 248, 49, 257, 257, 49, 253, 73, 253, 73, 0, 232, 94, 94, 243, 243, 170, 232, 170, 16, 16, 192, 192, 97, 97, 0, 218, 218, 290, 290, 157, 289, 157, 56, 289, 56, 101, 22, 101, 22, 0, 105, 215, 105, 74, 181, 74, 215, 181, 202, 202, 296, 296, 0, 142, 142, 52, 52, 8, 8, 0, 295, 172, 172, 167, 167, 189, 295, 189, 0, 274, 274, 119, 119, 46, 46, 4, 4, 156, 156, 0, 150, 150, 149, 149, 100, 100, 161, 161, 0, 109, 240, 250, 250, 240, 109, 28, 70, 28, 70, 166, 166, 267, 267, 0, 138, 138, 237, 237, 199, 184, 199, 84, 184, 187, 17, 17, 84, 187, 0, 272, 272, 204, 204, 132, 132, 0, 264, 83, 264, 79, 79, 83, 47, 47, 129, 186, 129, 186, 0, 188, 188, 45, 151, 151, 45, 173, 58, 58, 112, 173, 112, 0, 226, 85, 226, 12, 85, 20, 20, 12, 0, 43, 176, 43, 176, 0, 54, 111, 63, 63, 54, 111, 0, 0, 299, 225, 299, 225, 64, 154, 154, 64, 0, 57, 270, 57, 270, 0, 201, 178, 178, 288, 201, 13, 13, 288, 0, 103, 30, 53, 103, 51, 59, 59, 53, 30, 93, 51, 93, 0, 116, 116, 175, 95, 95, 175, 0, 0, 86, 191, 86, 2, 2, 191, 0, 152, 78, 78, 260, 152, 260, 6, 6, 0, 147, 147, 38, 38, 0, 183, 228, 183, 251, 228, 251, 0, 174, 284, 284, 174, 0, 169, 131, 131, 42, 169, 252, 252, 42, 0, 25, 213, 41, 25, 41, 75, 213, 75, 0, 92, 1, 118, 92, 118, 160, 160, 1, 0, 162, 268, 162, 268, 0, 280, 39, 203, 280, 39, 55, 203, 55, 0, 180, 121, 121, 180, 229, 283, 229, 283, 0, 214, 239, 171, 171, 214, 239, 0, 223, 114, 114, 223, 0, 276, 37, 254, 37, 254, 276, 0, 158, 66, 158, 236, 66, 236, 0, 110, 110, 216, 216, 190, 190, 0, 241, 76, 44, 241, 76, 44, 0, 179, 179, 19, 224, 224, 19, 128, 122, 122, 128, 0, 87, 87, 0, 135, 135, 238, 238, 0]
Cost: 36142834 Actual: 36142834, found after iteration 18181 (897.12 seconds)
Experiment ran for 18238 iterations.
[158, 171, 171, 158, 108, 108, 0, 48, 69, 48, 69, 0, 126, 207, 126, 207, 0, 11, 11, 0, 206, 206, 185, 210, 210, 98, 98, 79, 14, 185, 79, 14, 0, 96, 109, 96, 109, 0, 10, 10, 0, 0, 0, 15, 15, 271, 271, 0, 110, 110, 255, 146, 255, 146, 0, 0, 245, 245, 0, 279, 279, 281, 281, 0, 23, 23, 61, 240, 250, 61, 250, 240, 0, 265, 41, 41, 265, 227, 27, 27, 227, 0, 0, 0, 280, 300, 300, 182, 280, 55, 182, 55, 0, 248, 248, 272, 272, 0, 133, 215, 133, 212, 181, 215, 212, 3, 3, 181, 0, 233, 233, 0, 82, 249, 249, 82, 0, 28, 28, 129, 129, 0, 293, 209, 293, 209, 0, 36, 195, 36, 195, 0, 77, 90, 90, 77, 0, 273, 200, 200, 164, 194, 273, 194, 164, 80, 80, 0, 246, 246, 266, 236, 266, 236, 0, 0, 276, 276, 221, 91, 221, 91, 292, 198, 198, 292, 0, 43, 43, 0, 274, 274, 202, 202, 296, 296, 0, 247, 247, 150, 150, 189, 275, 275, 189, 0, 286, 62, 62, 253, 286, 253, 21, 163, 163, 21, 0, 35, 29, 29, 72, 35, 72, 0, 68, 26, 68, 219, 219, 26, 0, 143, 143, 237, 237, 199, 81, 199, 84, 81, 187, 17, 17, 187, 84, 0, 217, 217, 262, 262, 197, 197, 56, 56, 186, 18, 186, 18, 0, 263, 155, 263, 155, 142, 142, 52, 52, 8, 8, 0, 66, 37, 66, 5, 122, 37, 73, 5, 99, 122, 99, 73, 0, 136, 208, 208, 136, 144, 261, 144, 261, 40, 60, 60, 40, 0, 244, 244, 94, 94, 44, 259, 259, 153, 44, 153, 0, 269, 269, 147, 147, 71, 71, 205, 205, 97, 97, 0, 193, 193, 243, 243, 297, 104, 297, 104, 0, 294, 165, 165, 294, 289, 102, 289, 102, 130, 130, 0, 137, 137, 230, 230, 170, 170, 16, 16, 156, 156, 0, 138, 138, 49, 257, 49, 257, 285, 285, 33, 33, 0, 232, 39, 232, 39, 149, 149, 191, 196, 196, 139, 139, 191, 0, 241, 172, 172, 176, 95, 95, 241, 176, 0, 105, 295, 105, 74, 148, 295, 74, 148, 34, 50, 34, 298, 298, 50, 0, 290, 70, 290, 70, 166, 166, 267, 267, 0, 242, 242, 45, 151, 151, 203, 45, 124, 101, 203, 124, 101, 0, 222, 222, 220, 58, 58, 112, 112, 220, 0, 24, 24, 65, 131, 131, 65, 132, 132, 0, 31, 31, 177, 177, 282, 282, 22, 22, 0, 83, 264, 83, 167, 167, 120, 120, 264, 107, 107, 106, 106, 0, 159, 159, 0, 278, 277, 277, 123, 278, 123, 119, 119, 192, 192, 100, 100, 161, 161, 0, 188, 188, 7, 7, 4, 4, 0, 226, 85, 226, 12, 85, 20, 20, 12, 0, 19, 224, 19, 224, 125, 47, 125, 47, 93, 140, 93, 140, 0, 214, 223, 214, 223, 0, 260, 260, 6, 6, 0, 299, 225, 225, 299, 287, 127, 287, 127, 42, 38, 38, 252, 252, 42, 0, 201, 87, 87, 128, 201, 173, 173, 128, 0, 239, 114, 114, 239, 0, 179, 179, 76, 89, 89, 76, 0, 213, 145, 145, 213, 0, 174, 284, 174, 284, 0, 88, 32, 88, 32, 0, 57, 141, 141, 57, 0, 183, 235, 183, 113, 235, 231, 113, 231, 0, 178, 9, 178, 9, 0, 238, 63, 238, 63, 0, 111, 64, 111, 64, 0, 180, 121, 121, 180, 229, 283, 283, 229, 0, 116, 116, 115, 117, 115, 117, 0, 169, 291, 169, 160, 291, 51, 51, 160, 0, 0, 92, 1, 118, 92, 118, 75, 75, 1, 0, 54, 211, 211, 54, 0, 162, 268, 162, 268, 157, 2, 157, 2, 0, 25, 25, 86, 86, 216, 216, 154, 251, 251, 154, 0, 134, 134, 254, 175, 175, 254, 0, 168, 168, 256, 228, 256, 258, 258, 228, 0, 152, 78, 152, 78, 288, 13, 13, 288, 0, 103, 30, 53, 103, 59, 30, 53, 59, 190, 190, 0, 67, 218, 270, 67, 218, 270, 204, 46, 46, 204, 0, 135, 135, 234, 184, 184, 234, 0]
Cost: 36121081 Actual: 36121081, found after iteration 18477 (896.65 seconds)
Experiment ran for 18545 iterations.
[0, 206, 206, 0, 67, 250, 67, 250, 0, 7, 7, 11, 11, 0, 241, 49, 49, 266, 236, 241, 236, 266, 0, 254, 77, 254, 77, 0, 36, 195, 36, 195, 0, 0, 68, 265, 265, 68, 219, 115, 219, 115, 0, 15, 15, 271, 271, 0, 26, 26, 0, 0, 0, 279, 279, 0, 293, 209, 293, 209, 0, 80, 80, 0, 0, 0, 0, 62, 63, 62, 154, 154, 63, 0, 48, 69, 48, 69, 0, 233, 233, 0, 246, 246, 72, 300, 300, 131, 131, 72, 0, 25, 25, 0, 23, 23, 55, 55, 0, 10, 10, 0, 82, 29, 82, 29, 108, 108, 262, 262, 60, 60, 0, 171, 126, 126, 171, 259, 259, 0, 35, 215, 181, 35, 215, 3, 3, 181, 0, 0, 180, 180, 193, 193, 285, 285, 296, 296, 0, 109, 240, 74, 74, 240, 109, 204, 204, 107, 107, 106, 106, 0, 43, 43, 177, 177, 0, 247, 247, 159, 159, 5, 5, 251, 251, 0, 211, 89, 89, 211, 0, 133, 133, 172, 207, 207, 172, 203, 112, 112, 203, 0, 276, 276, 52, 52, 8, 8, 0, 217, 217, 221, 122, 221, 292, 122, 198, 198, 292, 0, 218, 218, 118, 118, 71, 71, 205, 205, 0, 143, 143, 185, 287, 287, 191, 14, 185, 56, 191, 14, 56, 231, 231, 0, 134, 134, 114, 261, 261, 114, 220, 189, 220, 189, 34, 50, 34, 298, 298, 50, 0, 244, 244, 234, 234, 28, 70, 28, 70, 166, 166, 0, 83, 264, 83, 281, 281, 91, 124, 91, 264, 275, 275, 124, 0, 263, 200, 200, 263, 230, 230, 170, 170, 16, 16, 192, 192, 97, 97, 0, 123, 269, 269, 123, 202, 202, 99, 12, 99, 12, 0, 183, 183, 253, 148, 148, 253, 156, 156, 0, 274, 274, 21, 163, 21, 163, 0, 136, 208, 208, 136, 272, 286, 272, 286, 267, 267, 0, 232, 222, 222, 194, 164, 232, 32, 194, 164, 46, 46, 51, 32, 51, 20, 20, 0, 278, 277, 278, 210, 277, 210, 98, 120, 120, 98, 100, 100, 161, 161, 0, 105, 295, 105, 295, 149, 149, 297, 104, 297, 104, 0, 256, 256, 58, 146, 146, 58, 117, 117, 0, 152, 248, 248, 152, 167, 40, 167, 40, 27, 101, 27, 22, 101, 22, 0, 137, 137, 290, 227, 290, 33, 33, 139, 139, 130, 227, 130, 0, 280, 65, 65, 280, 132, 132, 0, 155, 155, 121, 41, 41, 121, 229, 229, 0, 138, 138, 24, 24, 288, 127, 127, 42, 182, 182, 42, 288, 0, 237, 237, 199, 184, 199, 84, 184, 187, 17, 17, 187, 84, 0, 242, 242, 144, 165, 144, 165, 289, 102, 289, 102, 0, 150, 61, 150, 4, 61, 4, 282, 282, 186, 18, 18, 186, 0, 81, 153, 226, 226, 73, 153, 81, 73, 0, 201, 223, 201, 223, 85, 85, 0, 57, 270, 270, 57, 119, 119, 160, 160, 0, 174, 284, 174, 284, 0, 299, 151, 299, 151, 0, 273, 169, 169, 273, 235, 228, 235, 258, 228, 258, 0, 225, 87, 87, 128, 225, 173, 173, 128, 0, 103, 30, 53, 103, 59, 59, 30, 53, 93, 140, 93, 140, 0, 116, 116, 243, 243, 196, 129, 129, 196, 0, 125, 47, 125, 47, 190, 190, 0, 86, 268, 86, 2, 2, 13, 268, 13, 0, 162, 162, 216, 216, 294, 197, 294, 197, 0, 147, 141, 147, 38, 38, 141, 0, 168, 92, 168, 145, 92, 113, 145, 113, 0, 249, 45, 255, 255, 249, 45, 0, 79, 175, 90, 79, 90, 175, 0, 37, 1, 142, 142, 37, 1, 0, 19, 224, 19, 224, 0, 178, 157, 178, 157, 0, 39, 94, 94, 291, 212, 39, 291, 252, 212, 252, 0, 245, 110, 110, 64, 245, 64, 0, 96, 188, 188, 96, 75, 283, 283, 75, 0, 54, 111, 44, 111, 54, 44, 0, 66, 213, 66, 213, 0, 158, 88, 88, 158, 0, 31, 176, 176, 31, 0, 78, 78, 257, 260, 257, 260, 6, 6, 0, 179, 179, 76, 9, 9, 76, 0, 214, 239, 214, 239, 0, 135, 135, 238, 95, 95, 238, 0]
Cost: 36071130 Actual: 36071130, found after iteration 17929 (886.24 seconds)
Experiment ran for 18186 iterations.
[0, 206, 206, 0, 217, 217, 0, 62, 62, 253, 253, 0, 96, 263, 96, 7, 7, 275, 275, 263, 0, 273, 200, 200, 273, 0, 10, 92, 92, 10, 0, 0, 0, 15, 15, 271, 271, 183, 185, 183, 58, 185, 58, 0, 80, 80, 0, 0, 118, 41, 41, 118, 11, 11, 0, 126, 44, 126, 154, 154, 44, 0, 54, 54, 0, 0, 0, 0, 0, 212, 181, 148, 212, 181, 148, 3, 3, 0, 248, 248, 77, 90, 77, 90, 0, 233, 233, 0, 35, 215, 270, 35, 215, 270, 0, 0, 23, 23, 279, 279, 0, 36, 155, 155, 195, 36, 195, 0, 222, 222, 293, 209, 209, 293, 0, 111, 89, 89, 111, 0, 246, 246, 72, 220, 220, 72, 0, 0, 68, 68, 274, 274, 119, 119, 4, 4, 156, 156, 0, 123, 269, 269, 123, 28, 70, 28, 70, 166, 166, 267, 267, 0, 193, 193, 285, 285, 205, 205, 97, 97, 0, 43, 43, 177, 177, 0, 211, 79, 79, 122, 211, 153, 122, 153, 0, 137, 137, 32, 46, 46, 297, 32, 297, 296, 296, 0, 276, 276, 52, 52, 8, 8, 0, 180, 180, 109, 240, 74, 74, 240, 109, 204, 204, 107, 107, 106, 106, 0, 241, 225, 48, 225, 48, 64, 241, 64, 0, 143, 143, 230, 230, 170, 170, 16, 16, 192, 192, 292, 198, 198, 292, 0, 158, 114, 158, 114, 108, 108, 125, 139, 139, 125, 117, 117, 0, 244, 244, 94, 300, 300, 94, 219, 227, 115, 227, 219, 115, 0, 242, 242, 144, 165, 144, 165, 251, 251, 0, 168, 168, 202, 202, 56, 18, 56, 140, 140, 18, 0, 150, 61, 150, 61, 149, 149, 191, 196, 191, 196, 0, 250, 286, 141, 250, 286, 141, 21, 163, 163, 21, 0, 29, 29, 49, 257, 257, 49, 266, 259, 259, 266, 0, 264, 83, 264, 254, 254, 83, 0, 159, 159, 199, 81, 199, 84, 187, 81, 17, 17, 187, 84, 0, 152, 136, 136, 152, 167, 167, 255, 27, 27, 255, 101, 22, 22, 101, 0, 105, 295, 105, 194, 164, 295, 194, 235, 164, 235, 33, 33, 0, 142, 142, 262, 262, 289, 102, 102, 289, 130, 130, 0, 278, 277, 278, 210, 210, 277, 98, 98, 127, 120, 120, 127, 100, 100, 161, 161, 0, 221, 91, 221, 91, 14, 104, 14, 104, 0, 232, 272, 232, 272, 290, 63, 290, 60, 60, 258, 258, 63, 0, 37, 66, 66, 281, 37, 281, 47, 47, 129, 186, 186, 129, 0, 138, 138, 24, 24, 234, 234, 34, 50, 34, 298, 298, 50, 0, 65, 65, 229, 229, 5, 226, 73, 226, 5, 99, 99, 73, 0, 133, 133, 172, 207, 172, 207, 176, 283, 283, 176, 0, 218, 218, 256, 256, 184, 124, 124, 184, 282, 282, 231, 231, 0, 39, 288, 203, 182, 39, 55, 203, 182, 288, 55, 0, 75, 228, 228, 75, 0, 171, 178, 178, 171, 216, 216, 190, 190, 0, 85, 12, 85, 20, 20, 12, 0, 299, 69, 69, 299, 13, 13, 0, 201, 87, 87, 128, 201, 173, 173, 128, 0, 162, 151, 162, 151, 157, 2, 2, 157, 0, 103, 30, 53, 103, 51, 59, 59, 30, 53, 93, 51, 93, 0, 265, 110, 265, 189, 110, 112, 112, 189, 0, 0, 213, 145, 213, 145, 0, 67, 57, 67, 57, 0, 147, 147, 175, 175, 0, 31, 236, 31, 236, 0, 238, 238, 0, 19, 224, 19, 224, 0, 25, 1, 25, 86, 86, 6, 6, 1, 0, 247, 247, 249, 237, 249, 237, 0, 174, 284, 284, 174, 0, 280, 287, 287, 280, 132, 113, 113, 132, 0, 116, 116, 243, 131, 131, 42, 243, 38, 38, 252, 42, 252, 0, 76, 76, 0, 223, 268, 268, 223, 0, 245, 26, 245, 26, 0, 134, 134, 188, 188, 71, 9, 71, 9, 197, 146, 146, 197, 0, 121, 88, 121, 294, 294, 88, 0, 208, 78, 78, 208, 261, 45, 95, 45, 95, 261, 0, 179, 179, 169, 291, 169, 291, 160, 160, 0, 214, 239, 214, 239, 0, 82, 135, 135, 82, 260, 40, 260, 40, 0]
Cost: 35882927 Actual: 35882927, found after iteration 16217 (898.94 seconds)
Experiment ran for 16237 iterations.
[0, 279, 279, 0, 217, 217, 0, 11, 11, 0, 96, 200, 96, 200, 0, 67, 273, 61, 61, 273, 67, 80, 80, 0, 15, 15, 271, 271, 0, 0, 0, 26, 26, 0, 110, 110, 253, 253, 3, 3, 0, 0, 245, 266, 245, 266, 0, 291, 182, 291, 55, 182, 55, 0, 23, 23, 111, 79, 79, 111, 0, 155, 37, 155, 195, 37, 195, 0, 183, 185, 183, 62, 62, 289, 185, 289, 0, 269, 269, 0, 0, 152, 215, 35, 152, 181, 35, 215, 181, 0, 29, 207, 29, 207, 0, 233, 233, 0, 82, 136, 136, 82, 108, 108, 0, 68, 265, 68, 265, 189, 189, 0, 263, 123, 263, 123, 290, 290, 113, 186, 186, 113, 0, 10, 10, 0, 278, 278, 0, 206, 206, 0, 133, 300, 133, 131, 300, 127, 131, 127, 196, 90, 196, 90, 0, 0, 276, 276, 122, 139, 139, 130, 122, 130, 0, 150, 150, 229, 229, 0, 277, 222, 277, 222, 149, 149, 292, 198, 198, 292, 0, 31, 31, 281, 281, 262, 101, 262, 22, 101, 22, 0, 211, 89, 89, 211, 0, 24, 24, 261, 294, 261, 294, 60, 60, 258, 258, 0, 134, 134, 188, 188, 210, 210, 71, 71, 205, 205, 107, 107, 106, 106, 0, 171, 254, 77, 171, 77, 254, 52, 52, 51, 59, 59, 298, 51, 298, 20, 20, 0, 218, 218, 256, 256, 165, 157, 165, 157, 197, 197, 0, 143, 143, 109, 240, 250, 250, 240, 109, 204, 204, 297, 104, 297, 104, 0, 36, 88, 88, 203, 36, 124, 148, 148, 124, 203, 282, 187, 282, 17, 17, 187, 0, 172, 172, 167, 40, 167, 40, 58, 146, 146, 58, 0, 83, 69, 69, 83, 177, 177, 0, 179, 103, 179, 103, 194, 164, 32, 194, 164, 46, 46, 209, 209, 14, 32, 14, 0, 43, 43, 199, 81, 81, 34, 199, 84, 34, 84, 0, 7, 7, 4, 4, 0, 274, 274, 119, 119, 28, 70, 28, 70, 166, 166, 0, 244, 244, 221, 91, 221, 91, 132, 132, 0, 232, 94, 94, 243, 243, 170, 232, 170, 16, 16, 192, 192, 97, 97, 0, 264, 48, 48, 65, 264, 65, 219, 227, 115, 227, 219, 115, 0, 105, 295, 105, 74, 295, 74, 202, 202, 56, 56, 231, 231, 0, 142, 142, 47, 47, 117, 117, 0, 242, 242, 45, 95, 45, 95, 33, 33, 0, 272, 286, 286, 272, 21, 50, 50, 21, 0, 137, 137, 230, 230, 120, 120, 100, 100, 161, 161, 0, 247, 247, 159, 159, 5, 125, 5, 99, 125, 12, 99, 12, 0, 208, 248, 208, 248, 49, 257, 257, 49, 44, 259, 259, 153, 44, 153, 8, 8, 0, 144, 249, 249, 144, 285, 285, 27, 27, 296, 296, 0, 138, 138, 246, 288, 246, 184, 73, 184, 288, 73, 0, 193, 193, 220, 287, 287, 112, 112, 220, 267, 267, 0, 226, 85, 226, 85, 190, 190, 0, 178, 9, 178, 9, 0, 201, 87, 87, 128, 201, 173, 173, 128, 0, 0, 299, 225, 299, 225, 72, 234, 234, 72, 0, 214, 223, 223, 214, 0, 54, 154, 54, 154, 0, 30, 235, 53, 53, 30, 235, 2, 102, 2, 102, 0, 158, 126, 158, 126, 216, 216, 93, 140, 93, 140, 0, 237, 176, 237, 176, 0, 41, 41, 75, 228, 228, 75, 0, 241, 78, 78, 260, 260, 6, 241, 6, 0, 147, 98, 147, 98, 283, 251, 251, 283, 0, 76, 151, 151, 76, 0, 238, 255, 255, 238, 0, 169, 212, 169, 252, 252, 212, 0, 180, 92, 92, 293, 293, 180, 38, 38, 0, 116, 116, 129, 18, 18, 129, 0, 162, 268, 162, 13, 268, 13, 0, 280, 39, 280, 141, 42, 39, 275, 275, 42, 141, 0, 25, 25, 86, 86, 64, 236, 236, 64, 0, 19, 224, 224, 19, 0, 239, 114, 114, 239, 0, 121, 118, 118, 121, 175, 175, 0, 66, 1, 63, 66, 63, 1, 0, 168, 213, 168, 145, 145, 213, 0, 57, 270, 57, 270, 163, 156, 163, 156, 0, 0, 160, 191, 191, 160, 0, 135, 135, 174, 284, 174, 284, 0]
Cost: 36128208 Actual: 36128208, found after iteration 18339 (897.75 seconds)
Experiment ran for 18385 iterations.
[25, 25, 0, 273, 61, 240, 61, 194, 273, 194, 240, 3, 3, 0, 83, 83, 0, 11, 11, 0, 96, 200, 96, 200, 0, 248, 248, 246, 246, 266, 236, 236, 266, 0, 15, 15, 271, 271, 0, 0, 0, 36, 195, 36, 195, 0, 26, 26, 0, 0, 0, 279, 279, 0, 54, 54, 0, 158, 171, 171, 158, 0, 0, 0, 281, 281, 0, 208, 261, 261, 208, 259, 259, 0, 48, 69, 48, 69, 0, 233, 233, 0, 82, 29, 29, 65, 82, 300, 300, 141, 65, 42, 141, 42, 0, 265, 41, 41, 227, 265, 115, 227, 115, 0, 263, 7, 7, 275, 275, 263, 0, 10, 92, 92, 10, 0, 144, 255, 255, 144, 0, 206, 206, 0, 0, 0, 134, 134, 188, 188, 210, 210, 98, 98, 170, 170, 16, 16, 156, 156, 0, 23, 23, 211, 79, 79, 122, 211, 153, 122, 153, 0, 114, 126, 126, 114, 285, 285, 205, 205, 107, 107, 106, 106, 0, 180, 37, 180, 254, 77, 77, 254, 221, 37, 91, 221, 91, 132, 132, 0, 45, 220, 45, 189, 220, 189, 34, 50, 34, 298, 298, 50, 0, 172, 181, 172, 124, 101, 101, 181, 124, 0, 155, 68, 155, 121, 185, 121, 62, 68, 219, 62, 58, 185, 219, 58, 130, 130, 0, 287, 287, 294, 165, 294, 165, 73, 22, 22, 73, 0, 242, 242, 167, 40, 40, 167, 173, 120, 120, 173, 97, 97, 0, 43, 43, 199, 184, 199, 84, 184, 187, 17, 17, 187, 84, 0, 276, 276, 52, 52, 8, 8, 0, 138, 138, 24, 24, 108, 108, 262, 262, 33, 33, 0, 264, 278, 278, 183, 264, 191, 183, 289, 191, 289, 0, 179, 103, 179, 103, 75, 75, 0, 269, 123, 269, 118, 123, 118, 293, 293, 297, 60, 60, 297, 0, 164, 235, 164, 235, 27, 27, 197, 197, 296, 296, 0, 137, 137, 230, 230, 14, 113, 14, 113, 0, 244, 244, 94, 94, 243, 243, 89, 104, 89, 104, 0, 232, 272, 232, 272, 32, 46, 46, 51, 51, 32, 117, 117, 0, 67, 270, 250, 67, 250, 270, 204, 204, 100, 100, 161, 161, 0, 105, 295, 105, 74, 74, 295, 202, 202, 56, 231, 56, 231, 0, 193, 193, 253, 148, 253, 148, 267, 267, 0, 218, 218, 28, 70, 209, 209, 28, 70, 166, 166, 0, 274, 274, 119, 119, 192, 192, 292, 198, 198, 292, 0, 39, 286, 39, 4, 4, 80, 286, 80, 0, 31, 31, 81, 5, 5, 99, 81, 99, 0, 133, 152, 133, 277, 152, 222, 277, 222, 149, 149, 196, 90, 196, 90, 139, 139, 0, 159, 159, 177, 177, 282, 282, 186, 18, 18, 186, 0, 136, 35, 136, 49, 49, 72, 35, 72, 0, 143, 143, 88, 88, 203, 112, 112, 203, 0, 226, 85, 226, 12, 85, 20, 12, 20, 0, 217, 249, 207, 249, 288, 207, 217, 128, 128, 55, 55, 288, 0, 57, 109, 57, 109, 0, 260, 257, 257, 260, 6, 6, 0, 299, 225, 299, 225, 71, 146, 146, 71, 13, 13, 0, 239, 214, 214, 239, 0, 87, 151, 151, 87, 0, 147, 147, 229, 283, 229, 283, 0, 116, 116, 216, 216, 154, 251, 251, 154, 0, 0, 213, 142, 142, 213, 0, 215, 78, 78, 234, 212, 215, 234, 212, 0, 86, 86, 175, 157, 157, 175, 0, 178, 9, 178, 9, 0, 238, 95, 95, 238, 0, 169, 169, 160, 163, 160, 163, 0, 1, 145, 63, 145, 1, 63, 0, 247, 247, 237, 176, 237, 176, 0, 19, 224, 19, 47, 224, 125, 125, 47, 93, 140, 93, 140, 0, 280, 131, 127, 131, 280, 127, 38, 38, 0, 245, 110, 110, 64, 245, 64, 0, 150, 291, 182, 150, 291, 252, 182, 252, 0, 241, 76, 44, 241, 76, 44, 0, 256, 228, 256, 258, 228, 258, 0, 66, 111, 66, 111, 0, 168, 168, 290, 21, 290, 129, 21, 129, 0, 201, 223, 201, 223, 0, 30, 53, 59, 30, 53, 59, 190, 190, 0, 162, 268, 162, 268, 2, 102, 2, 102, 0, 135, 135, 174, 284, 174, 284, 0]
Cost: 36061940 Actual: 36061940, found after iteration 19701 (877.56 seconds)
Experiment ran for 20208 iterations.
[41, 185, 41, 62, 62, 146, 185, 146, 0, 206, 206, 0, 48, 69, 48, 69, 0, 7, 7, 11, 11, 0, 96, 200, 96, 200, 0, 214, 111, 214, 111, 0, 10, 10, 0, 0, 0, 15, 15, 271, 271, 0, 28, 28, 60, 60, 0, 0, 245, 245, 0, 120, 120, 0, 210, 293, 293, 210, 0, 265, 265, 219, 115, 219, 115, 0, 0, 275, 55, 275, 55, 0, 0, 217, 217, 0, 287, 287, 191, 297, 191, 297, 0, 233, 233, 0, 72, 300, 300, 72, 0, 80, 80, 0, 23, 23, 171, 126, 126, 171, 259, 259, 0, 155, 155, 3, 3, 0, 35, 215, 270, 240, 35, 215, 240, 270, 0, 273, 109, 273, 109, 0, 246, 246, 63, 154, 154, 63, 0, 0, 134, 134, 150, 150, 149, 149, 107, 107, 106, 106, 0, 172, 172, 253, 253, 21, 163, 163, 21, 0, 193, 193, 266, 64, 64, 266, 153, 153, 0, 43, 43, 177, 177, 0, 291, 141, 148, 209, 291, 141, 148, 282, 209, 282, 101, 22, 22, 101, 0, 82, 136, 207, 136, 207, 82, 108, 203, 108, 262, 122, 262, 99, 122, 203, 99, 0, 247, 247, 249, 144, 144, 249, 220, 189, 189, 220, 0, 158, 114, 158, 114, 167, 40, 167, 40, 184, 124, 124, 184, 34, 50, 34, 18, 50, 18, 0, 67, 278, 278, 110, 67, 110, 255, 27, 255, 27, 73, 112, 112, 73, 0, 143, 143, 88, 227, 88, 227, 258, 258, 0, 66, 36, 36, 66, 5, 125, 5, 125, 117, 117, 0, 248, 208, 248, 208, 159, 159, 199, 81, 199, 84, 187, 81, 17, 17, 187, 84, 0, 105, 295, 105, 74, 74, 295, 202, 202, 129, 186, 186, 129, 0, 179, 183, 179, 183, 243, 243, 89, 104, 89, 104, 0, 269, 123, 269, 250, 123, 250, 204, 204, 292, 198, 198, 292, 0, 229, 229, 0, 274, 274, 32, 46, 46, 51, 51, 32, 56, 56, 298, 298, 0, 83, 225, 225, 83, 281, 281, 221, 91, 221, 91, 132, 132, 0, 232, 222, 61, 222, 61, 194, 164, 232, 164, 194, 235, 235, 58, 283, 58, 283, 0, 244, 244, 94, 65, 94, 131, 131, 65, 170, 170, 16, 16, 192, 192, 100, 100, 161, 161, 0, 242, 242, 77, 151, 151, 77, 47, 47, 231, 231, 0, 142, 142, 52, 52, 8, 8, 0, 152, 29, 29, 49, 152, 257, 49, 257, 205, 205, 97, 97, 0, 24, 24, 45, 95, 45, 95, 33, 33, 139, 139, 0, 137, 137, 290, 70, 290, 70, 166, 166, 267, 267, 0, 168, 168, 256, 256, 197, 197, 296, 296, 0, 138, 138, 272, 286, 286, 272, 119, 119, 4, 4, 156, 156, 0, 237, 237, 0, 133, 133, 218, 218, 230, 230, 127, 127, 196, 14, 14, 196, 0, 188, 188, 79, 181, 289, 79, 289, 130, 130, 181, 0, 226, 85, 226, 12, 85, 20, 12, 20, 0, 54, 211, 54, 211, 0, 201, 87, 87, 128, 201, 173, 173, 128, 0, 0, 299, 264, 299, 234, 182, 264, 182, 234, 0, 76, 76, 0, 178, 9, 9, 178, 2, 102, 2, 102, 0, 31, 261, 261, 236, 31, 236, 0, 116, 116, 285, 165, 285, 165, 0, 174, 284, 174, 284, 0, 213, 145, 145, 213, 0, 57, 212, 212, 57, 0, 147, 147, 175, 90, 90, 175, 0, 75, 228, 228, 75, 0, 288, 13, 13, 288, 0, 223, 223, 0, 26, 195, 195, 26, 0, 68, 25, 25, 86, 86, 216, 216, 68, 190, 190, 0, 239, 239, 0, 280, 39, 280, 42, 39, 252, 252, 42, 0, 180, 121, 121, 180, 71, 294, 294, 71, 251, 113, 251, 113, 0, 263, 92, 1, 263, 118, 92, 118, 160, 160, 1, 0, 279, 176, 44, 279, 176, 44, 0, 276, 37, 254, 254, 276, 37, 0, 162, 268, 162, 268, 0, 19, 224, 19, 224, 0, 241, 78, 78, 260, 260, 6, 241, 6, 0, 103, 30, 53, 103, 59, 59, 53, 30, 93, 140, 93, 140, 0, 277, 169, 277, 98, 169, 98, 38, 38, 0, 135, 135, 238, 157, 157, 238, 0]
Cost: 35956065 Actual: 35956065, found after iteration 20210 (894.39 seconds)
Experiment ran for 20325 iterations.
[263, 109, 194, 194, 263, 109, 0, 96, 200, 200, 210, 96, 293, 293, 210, 0, 67, 250, 67, 250, 3, 3, 0, 55, 55, 0, 111, 89, 89, 111, 0, 211, 211, 0, 155, 155, 118, 41, 41, 118, 11, 11, 0, 0, 0, 15, 15, 0, 80, 80, 0, 68, 265, 68, 265, 189, 189, 0, 245, 266, 245, 266, 0, 291, 181, 182, 291, 275, 275, 181, 182, 0, 23, 23, 126, 126, 0, 158, 207, 158, 207, 108, 108, 0, 183, 183, 298, 298, 0, 279, 279, 0, 280, 300, 300, 280, 14, 292, 14, 292, 0, 133, 133, 62, 62, 63, 113, 113, 63, 0, 48, 69, 48, 203, 69, 56, 56, 99, 203, 99, 0, 233, 233, 0, 272, 272, 290, 290, 60, 60, 0, 235, 235, 258, 258, 0, 54, 54, 0, 36, 195, 36, 195, 0, 77, 90, 90, 77, 0, 278, 278, 0, 35, 215, 270, 240, 35, 215, 240, 270, 0, 0, 66, 37, 66, 37, 262, 73, 262, 112, 112, 73, 0, 277, 222, 277, 222, 4, 209, 4, 282, 209, 282, 18, 140, 140, 18, 0, 123, 269, 269, 123, 230, 230, 227, 115, 227, 115, 0, 247, 247, 249, 144, 249, 144, 64, 64, 153, 153, 0, 45, 255, 255, 45, 289, 102, 289, 102, 0, 82, 29, 29, 82, 65, 127, 127, 65, 132, 132, 0, 276, 276, 52, 52, 8, 8, 0, 274, 274, 119, 119, 28, 28, 166, 166, 0, 208, 136, 136, 208, 159, 159, 177, 177, 0, 206, 206, 147, 147, 229, 229, 0, 110, 185, 110, 27, 185, 27, 231, 231, 0, 264, 83, 264, 254, 83, 5, 254, 125, 125, 101, 5, 22, 101, 22, 0, 242, 242, 167, 40, 40, 167, 33, 33, 139, 139, 130, 130, 0, 179, 179, 271, 7, 7, 271, 149, 149, 297, 120, 120, 104, 297, 104, 0, 150, 61, 150, 61, 71, 71, 58, 283, 58, 283, 0, 74, 220, 74, 220, 202, 202, 296, 296, 0, 172, 219, 219, 172, 251, 251, 0, 218, 218, 21, 163, 163, 21, 0, 232, 39, 286, 39, 164, 286, 164, 46, 232, 70, 59, 46, 59, 70, 117, 117, 0, 217, 217, 47, 47, 129, 186, 186, 129, 0, 105, 295, 105, 295, 204, 204, 191, 196, 191, 196, 0, 142, 142, 184, 124, 184, 124, 267, 267, 50, 187, 198, 198, 187, 50, 0, 152, 248, 248, 246, 152, 246, 253, 148, 253, 148, 156, 156, 0, 24, 24, 261, 151, 151, 261, 165, 146, 146, 165, 0, 199, 81, 122, 122, 81, 34, 199, 84, 34, 17, 17, 84, 0, 134, 134, 188, 188, 287, 287, 107, 107, 106, 106, 0, 138, 138, 237, 237, 0, 49, 257, 257, 49, 285, 285, 205, 205, 0, 244, 244, 94, 94, 243, 243, 170, 170, 16, 16, 192, 192, 97, 97, 0, 31, 31, 281, 281, 221, 91, 221, 91, 100, 100, 161, 161, 0, 226, 85, 226, 12, 85, 20, 12, 20, 0, 76, 76, 0, 143, 273, 143, 75, 273, 228, 228, 75, 0, 169, 131, 131, 42, 169, 252, 252, 42, 0, 299, 225, 299, 225, 236, 44, 259, 259, 236, 44, 0, 201, 87, 87, 128, 201, 173, 173, 128, 0, 86, 268, 86, 2, 268, 2, 190, 190, 0, 0, 121, 26, 121, 154, 26, 154, 0, 238, 157, 157, 238, 0, 88, 32, 32, 88, 0, 57, 141, 141, 57, 0, 0, 19, 224, 19, 224, 0, 137, 212, 212, 137, 0, 223, 114, 114, 223, 0, 213, 145, 213, 145, 0, 116, 116, 216, 216, 175, 175, 0, 171, 193, 79, 193, 79, 171, 0, 72, 234, 234, 72, 0, 25, 1, 25, 160, 160, 1, 0, 214, 239, 214, 239, 0, 241, 162, 284, 162, 6, 241, 284, 6, 0, 10, 180, 10, 98, 180, 38, 98, 38, 0, 168, 92, 168, 256, 92, 294, 256, 197, 294, 197, 0, 178, 9, 178, 9, 0, 78, 78, 260, 288, 260, 13, 13, 288, 0, 103, 30, 53, 103, 51, 53, 30, 93, 51, 93, 0, 43, 176, 43, 176, 0, 135, 135, 174, 95, 95, 174, 0]
Cost: 36320293 Actual: 36320293, found after iteration 20484 (893.60 seconds)
Experiment ran for 20624 iterations.
[37, 195, 37, 195, 0, 273, 200, 200, 273, 0, 217, 217, 0, 7, 7, 11, 11, 0, 111, 89, 89, 111, 0, 96, 263, 96, 275, 275, 263, 0, 10, 10, 0, 0, 0, 26, 26, 0, 80, 80, 0, 0, 245, 245, 0, 62, 62, 60, 60, 0, 293, 209, 209, 293, 0, 110, 110, 259, 259, 0, 0, 155, 155, 290, 290, 154, 63, 154, 63, 0, 280, 181, 280, 42, 181, 42, 0, 48, 69, 48, 69, 0, 172, 172, 108, 108, 0, 233, 233, 0, 35, 215, 270, 240, 35, 215, 240, 270, 0, 158, 207, 158, 207, 0, 23, 23, 171, 126, 126, 171, 0, 3, 3, 0, 72, 300, 300, 131, 131, 72, 0, 206, 206, 0, 82, 29, 29, 82, 246, 246, 255, 146, 255, 146, 0, 0, 276, 276, 285, 285, 205, 205, 97, 97, 0, 109, 61, 250, 61, 250, 109, 0, 188, 188, 71, 71, 27, 27, 129, 186, 129, 186, 0, 218, 218, 230, 230, 127, 120, 120, 127, 107, 107, 106, 106, 0, 268, 45, 45, 268, 184, 124, 184, 124, 34, 50, 34, 298, 298, 50, 0, 244, 244, 94, 94, 243, 243, 196, 191, 191, 196, 0, 168, 168, 256, 256, 294, 165, 294, 165, 166, 166, 0, 68, 68, 274, 274, 202, 202, 258, 258, 0, 241, 279, 279, 241, 177, 177, 192, 192, 100, 100, 198, 17, 17, 198, 0, 193, 193, 266, 64, 64, 266, 197, 197, 56, 56, 101, 22, 101, 22, 0, 36, 15, 15, 271, 271, 185, 79, 9, 9, 185, 36, 79, 33, 33, 0, 248, 248, 24, 24, 167, 40, 167, 173, 40, 112, 173, 112, 0, 264, 133, 133, 222, 264, 222, 4, 4, 0, 179, 265, 179, 219, 227, 265, 115, 227, 219, 115, 0, 269, 123, 123, 41, 269, 41, 75, 75, 153, 153, 8, 8, 0, 164, 235, 164, 235, 157, 58, 157, 58, 130, 130, 0, 150, 150, 210, 98, 210, 98, 170, 170, 16, 16, 282, 282, 231, 231, 0, 138, 138, 49, 49, 234, 234, 21, 14, 14, 21, 0, 232, 39, 194, 39, 232, 28, 194, 28, 251, 251, 0, 278, 277, 278, 183, 277, 220, 183, 189, 189, 220, 0, 83, 284, 284, 83, 47, 47, 161, 161, 0, 142, 142, 139, 139, 296, 296, 0, 242, 242, 77, 151, 151, 203, 77, 122, 125, 73, 125, 122, 55, 203, 73, 55, 0, 221, 221, 297, 104, 297, 104, 0, 237, 237, 281, 81, 281, 262, 262, 99, 81, 99, 0, 247, 247, 159, 159, 199, 5, 5, 84, 199, 187, 84, 187, 0, 105, 295, 105, 74, 74, 295, 46, 70, 46, 59, 59, 70, 117, 117, 0, 272, 286, 272, 286, 119, 119, 156, 156, 0, 208, 136, 136, 208, 261, 144, 261, 144, 289, 102, 289, 102, 0, 143, 143, 249, 249, 253, 148, 253, 148, 267, 267, 0, 226, 85, 226, 12, 85, 20, 12, 20, 0, 31, 236, 31, 236, 0, 19, 224, 224, 19, 91, 128, 91, 128, 0, 0, 299, 225, 225, 288, 299, 13, 13, 288, 0, 201, 223, 201, 223, 0, 114, 178, 178, 114, 0, 103, 30, 53, 103, 51, 30, 53, 93, 51, 93, 0, 25, 92, 25, 92, 149, 149, 132, 113, 113, 132, 0, 174, 95, 95, 174, 0, 213, 145, 213, 145, 0, 67, 57, 67, 57, 204, 163, 204, 292, 18, 292, 163, 18, 0, 88, 32, 88, 32, 0, 147, 254, 147, 175, 254, 175, 0, 65, 287, 182, 65, 287, 38, 38, 182, 0, 169, 291, 291, 169, 160, 90, 160, 90, 0, 66, 118, 118, 228, 66, 228, 0, 180, 121, 121, 180, 229, 283, 229, 283, 0, 54, 211, 211, 54, 0, 137, 141, 137, 141, 0, 134, 134, 76, 44, 76, 44, 0, 214, 239, 214, 239, 0, 87, 212, 87, 52, 52, 252, 212, 252, 0, 43, 176, 43, 176, 0, 162, 162, 216, 216, 190, 190, 0, 116, 1, 116, 6, 6, 1, 0, 152, 78, 78, 260, 152, 257, 260, 257, 0, 0, 86, 86, 2, 140, 2, 140, 0, 135, 135, 238, 238, 0]
Cost: 36222363 Actual: 36222363, found after iteration 19821 (855.82 seconds)
Experiment ran for 20856 iterations.
[80, 80, 0, 67, 273, 240, 273, 67, 240, 3, 3, 0, 217, 217, 0, 7, 7, 0, 96, 200, 96, 200, 275, 55, 275, 55, 0, 206, 206, 0, 15, 15, 271, 271, 0, 0, 0, 155, 155, 121, 121, 287, 287, 196, 90, 90, 196, 0, 235, 235, 63, 113, 113, 63, 0, 0, 245, 266, 245, 266, 0, 279, 279, 0, 54, 54, 0, 36, 195, 36, 195, 0, 0, 254, 224, 224, 254, 0, 0, 278, 278, 0, 208, 261, 208, 261, 0, 171, 126, 171, 126, 288, 203, 73, 203, 288, 73, 0, 82, 207, 257, 82, 257, 207, 0, 26, 26, 0, 23, 23, 233, 233, 0, 118, 41, 41, 118, 11, 11, 0, 35, 300, 291, 300, 291, 35, 0, 111, 89, 89, 111, 0, 246, 246, 167, 167, 0, 0, 158, 114, 114, 158, 45, 255, 45, 255, 205, 205, 100, 100, 161, 161, 0, 218, 218, 119, 119, 156, 156, 0, 19, 19, 47, 47, 258, 258, 0, 276, 276, 52, 52, 8, 8, 0, 229, 229, 153, 153, 0, 244, 244, 94, 220, 94, 189, 220, 189, 0, 110, 110, 253, 148, 148, 253, 34, 50, 187, 34, 17, 17, 187, 50, 0, 143, 143, 109, 61, 250, 61, 164, 164, 250, 109, 204, 204, 14, 104, 14, 104, 0, 105, 295, 105, 74, 194, 74, 295, 194, 28, 46, 46, 28, 129, 129, 0, 172, 172, 65, 131, 131, 65, 132, 132, 0, 180, 180, 211, 44, 211, 81, 44, 5, 5, 99, 81, 99, 0, 133, 133, 274, 274, 21, 163, 163, 21, 0, 242, 242, 108, 108, 139, 139, 130, 130, 0, 168, 168, 142, 142, 262, 122, 262, 112, 122, 112, 0, 269, 123, 269, 123, 230, 230, 127, 127, 297, 60, 60, 297, 0, 210, 210, 71, 71, 27, 101, 27, 22, 101, 22, 0, 150, 150, 293, 293, 294, 165, 165, 56, 294, 231, 56, 231, 0, 138, 138, 249, 157, 249, 157, 197, 197, 296, 296, 0, 137, 137, 290, 70, 290, 70, 166, 166, 0, 83, 225, 225, 83, 281, 281, 221, 91, 221, 91, 107, 107, 106, 106, 0, 48, 264, 264, 144, 48, 144, 285, 285, 173, 120, 173, 120, 97, 97, 0, 256, 256, 184, 124, 124, 184, 267, 267, 0, 193, 193, 72, 181, 182, 182, 181, 72, 0, 237, 237, 177, 177, 0, 232, 222, 232, 222, 4, 209, 4, 282, 209, 282, 186, 18, 186, 18, 0, 247, 247, 49, 49, 243, 243, 170, 170, 16, 16, 192, 192, 292, 198, 198, 292, 0, 152, 136, 152, 136, 159, 159, 199, 125, 125, 59, 199, 84, 59, 84, 0, 272, 286, 272, 286, 202, 202, 298, 298, 0, 248, 248, 24, 24, 284, 62, 62, 259, 284, 259, 0, 29, 9, 9, 29, 58, 146, 146, 58, 102, 140, 140, 102, 0, 39, 280, 280, 141, 39, 252, 252, 141, 0, 31, 213, 31, 213, 0, 214, 241, 87, 87, 128, 214, 241, 226, 226, 128, 0, 85, 12, 85, 20, 12, 20, 0, 299, 69, 299, 69, 289, 251, 289, 251, 0, 201, 178, 178, 201, 64, 154, 154, 64, 0, 223, 151, 151, 223, 0, 179, 179, 174, 95, 95, 174, 0, 162, 268, 162, 268, 0, 238, 238, 0, 0, 57, 270, 57, 270, 0, 75, 283, 283, 75, 0, 92, 145, 92, 228, 228, 145, 0, 77, 33, 77, 33, 0, 188, 188, 86, 191, 86, 2, 2, 13, 191, 13, 0, 66, 183, 183, 236, 66, 236, 0, 134, 265, 134, 265, 190, 190, 0, 239, 79, 79, 239, 0, 0, 25, 68, 25, 76, 219, 68, 227, 227, 219, 76, 0, 263, 116, 263, 1, 116, 216, 216, 6, 6, 1, 0, 43, 176, 43, 176, 0, 10, 37, 10, 147, 147, 175, 37, 175, 0, 88, 32, 88, 32, 0, 185, 160, 185, 160, 0, 215, 135, 135, 234, 212, 215, 212, 234, 0, 103, 30, 53, 103, 51, 53, 30, 93, 51, 93, 0, 277, 169, 277, 98, 169, 149, 149, 42, 98, 38, 38, 42, 0, 78, 78, 260, 40, 260, 40, 115, 117, 115, 117, 0]
Cost: 36273262 Actual: 36273262, found after iteration 20884 (899.58 seconds)
Experiment ran for 20897 iterations.

Instance name     :    Call_300_Vehicle_90
Average objective :    36118010.30
Best objective    :    35882927.00
Improvement (%)   :    78.946547 %
Running time (s)  :    900.041 s
Best solution     :    [0, 206, 206, 0, 217, 217, 0, 62, 62, 253, 253, 0, 96, 263, 96, 7, 7, 275, 275, 263, 0, 273, 200, 200, 273, 0, 10, 92, 92, 10, 0, 0, 0, 15, 15, 271, 271, 183, 185, 183, 58, 185, 58, 0, 80, 80, 0, 0, 118, 41, 41, 118, 11, 11, 0, 126, 44, 126, 154, 154, 44, 0, 54, 54, 0, 0, 0, 0, 0, 212, 181, 148, 212, 181, 148, 3, 3, 0, 248, 248, 77, 90, 77, 90, 0, 233, 233, 0, 35, 215, 270, 35, 215, 270, 0, 0, 23, 23, 279, 279, 0, 36, 155, 155, 195, 36, 195, 0, 222, 222, 293, 209, 209, 293, 0, 111, 89, 89, 111, 0, 246, 246, 72, 220, 220, 72, 0, 0, 68, 68, 274, 274, 119, 119, 4, 4, 156, 156, 0, 123, 269, 269, 123, 28, 70, 28, 70, 166, 166, 267, 267, 0, 193, 193, 285, 285, 205, 205, 97, 97, 0, 43, 43, 177, 177, 0, 211, 79, 79, 122, 211, 153, 122, 153, 0, 137, 137, 32, 46, 46, 297, 32, 297, 296, 296, 0, 276, 276, 52, 52, 8, 8, 0, 180, 180, 109, 240, 74, 74, 240, 109, 204, 204, 107, 107, 106, 106, 0, 241, 225, 48, 225, 48, 64, 241, 64, 0, 143, 143, 230, 230, 170, 170, 16, 16, 192, 192, 292, 198, 198, 292, 0, 158, 114, 158, 114, 108, 108, 125, 139, 139, 125, 117, 117, 0, 244, 244, 94, 300, 300, 94, 219, 227, 115, 227, 219, 115, 0, 242, 242, 144, 165, 144, 165, 251, 251, 0, 168, 168, 202, 202, 56, 18, 56, 140, 140, 18, 0, 150, 61, 150, 61, 149, 149, 191, 196, 191, 196, 0, 250, 286, 141, 250, 286, 141, 21, 163, 163, 21, 0, 29, 29, 49, 257, 257, 49, 266, 259, 259, 266, 0, 264, 83, 264, 254, 254, 83, 0, 159, 159, 199, 81, 199, 84, 187, 81, 17, 17, 187, 84, 0, 152, 136, 136, 152, 167, 167, 255, 27, 27, 255, 101, 22, 22, 101, 0, 105, 295, 105, 194, 164, 295, 194, 235, 164, 235, 33, 33, 0, 142, 142, 262, 262, 289, 102, 102, 289, 130, 130, 0, 278, 277, 278, 210, 210, 277, 98, 98, 127, 120, 120, 127, 100, 100, 161, 161, 0, 221, 91, 221, 91, 14, 104, 14, 104, 0, 232, 272, 232, 272, 290, 63, 290, 60, 60, 258, 258, 63, 0, 37, 66, 66, 281, 37, 281, 47, 47, 129, 186, 186, 129, 0, 138, 138, 24, 24, 234, 234, 34, 50, 34, 298, 298, 50, 0, 65, 65, 229, 229, 5, 226, 73, 226, 5, 99, 99, 73, 0, 133, 133, 172, 207, 172, 207, 176, 283, 283, 176, 0, 218, 218, 256, 256, 184, 124, 124, 184, 282, 282, 231, 231, 0, 39, 288, 203, 182, 39, 55, 203, 182, 288, 55, 0, 75, 228, 228, 75, 0, 171, 178, 178, 171, 216, 216, 190, 190, 0, 85, 12, 85, 20, 20, 12, 0, 299, 69, 69, 299, 13, 13, 0, 201, 87, 87, 128, 201, 173, 173, 128, 0, 162, 151, 162, 151, 157, 2, 2, 157, 0, 103, 30, 53, 103, 51, 59, 59, 30, 53, 93, 51, 93, 0, 265, 110, 265, 189, 110, 112, 112, 189, 0, 0, 213, 145, 213, 145, 0, 67, 57, 67, 57, 0, 147, 147, 175, 175, 0, 31, 236, 31, 236, 0, 238, 238, 0, 19, 224, 19, 224, 0, 25, 1, 25, 86, 86, 6, 6, 1, 0, 247, 247, 249, 237, 249, 237, 0, 174, 284, 284, 174, 0, 280, 287, 287, 280, 132, 113, 113, 132, 0, 116, 116, 243, 131, 131, 42, 243, 38, 38, 252, 42, 252, 0, 76, 76, 0, 223, 268, 268, 223, 0, 245, 26, 245, 26, 0, 134, 134, 188, 188, 71, 9, 71, 9, 197, 146, 146, 197, 0, 121, 88, 121, 294, 294, 88, 0, 208, 78, 78, 208, 261, 45, 95, 45, 95, 261, 0, 179, 179, 169, 291, 169, 291, 160, 160, 0, 214, 239, 214, 239, 0, 82, 135, 135, 82, 260, 40, 260, 40, 0]
LaTeX copypaste   :    Final Adaptive Metaheuristic & 36118010.30 & 35882927.00 & 78.946547 \% & 900.041 s\\

