
Instance name     :    Call_7_Vehicle_3
Average objective :    1134176.00
Best objective    :    1134176.00
Improvement (%)   :    65.022906 %
Running time (s)  :    1.479 s
Best solution     :    [4, 4, 7, 7, 0, 2, 2, 0, 1, 5, 5, 3, 3, 1, 0, 6, 6]
LaTeX copypaste   :    SA-new operators (tuned weights) & 1134176.00 & 1134176.00 & 65.022906 \% & 1.479 s\\


Instance name     :    Call_18_Vehicle_5
Average objective :    2375502.40
Best objective    :    2374420.00
Improvement (%)   :    73.499132 %
Running time (s)  :    5.013 s
Best solution     :    [4, 4, 15, 15, 11, 11, 16, 16, 0, 6, 6, 5, 18, 5, 14, 17, 17, 14, 18, 0, 9, 8, 8, 9, 13, 13, 0, 7, 7, 3, 3, 10, 1, 10, 1, 0, 12, 12, 0, 2, 2]
LaTeX copypaste   :    SA-new operators (tuned weights) & 2375502.40 & 2374420.00 & 73.499132 \% & 5.013 s\\


Instance name     :    Call_35_Vehicle_7
Average objective :    5370564.80
Best objective    :    5007354.00
Improvement (%)   :    72.768095 %
Running time (s)  :    20.065 s
Best solution     :    [34, 23, 23, 14, 34, 17, 14, 17, 27, 27, 28, 28, 29, 29, 0, 15, 15, 30, 7, 7, 30, 22, 22, 25, 25, 0, 19, 19, 24, 24, 33, 33, 5, 5, 2, 2, 20, 20, 0, 4, 4, 16, 16, 1, 3, 3, 21, 1, 21, 31, 31, 0, 9, 6, 9, 35, 6, 13, 35, 13, 26, 32, 32, 26, 0, 8, 11, 11, 18, 8, 18, 0, 12, 12, 10, 10, 0]
LaTeX copypaste   :    SA-new operators (tuned weights) & 5370564.80 & 5007354.00 & 72.768095 \% & 20.065 s\\


Instance name     :    Call_80_Vehicle_20
Average objective :    11589600.60
Best objective    :    10843726.00
Improvement (%)   :    76.814955 %
Running time (s)  :    130.641 s
Best solution     :    [41, 68, 51, 41, 29, 51, 29, 65, 65, 68, 48, 48, 0, 64, 64, 20, 20, 7, 7, 50, 14, 14, 50, 0, 22, 22, 34, 46, 46, 34, 12, 72, 72, 12, 16, 16, 0, 54, 63, 54, 63, 49, 49, 27, 73, 27, 56, 56, 73, 0, 62, 17, 62, 77, 17, 77, 0, 74, 79, 74, 28, 28, 58, 79, 58, 0, 15, 70, 15, 23, 23, 11, 11, 45, 70, 69, 45, 69, 0, 39, 61, 39, 61, 59, 59, 33, 33, 0, 8, 8, 0, 32, 32, 35, 35, 55, 42, 55, 3, 3, 42, 80, 80, 10, 10, 0, 21, 37, 21, 37, 0, 4, 4, 26, 26, 0, 25, 25, 43, 43, 5, 5, 2, 2, 24, 24, 0, 71, 9, 71, 9, 19, 19, 52, 52, 0, 66, 1, 1, 66, 47, 47, 6, 6, 0, 57, 67, 67, 57, 0, 53, 30, 53, 30, 76, 44, 44, 76, 0, 38, 38, 75, 75, 0, 40, 40, 13, 13, 31, 36, 36, 31, 0, 60, 18, 18, 60, 78, 78, 0]
LaTeX copypaste   :    SA-new operators (tuned weights) & 11589600.60 & 10843726.00 & 76.814955 \% & 130.641 s\\


Instance name     :    Call_130_Vehicle_40
Average objective :    17304458.10
Best objective    :    16960003.00
Improvement (%)   :    77.866969 %
Running time (s)  :    453.458 s
Best solution     :    [3, 3, 121, 121, 107, 107, 92, 46, 46, 92, 0, 60, 60, 108, 108, 0, 115, 69, 69, 115, 0, 123, 74, 74, 123, 34, 34, 45, 17, 17, 45, 20, 20, 30, 53, 30, 53, 0, 33, 33, 125, 122, 91, 125, 122, 91, 0, 96, 96, 55, 109, 109, 55, 0, 25, 25, 59, 59, 64, 64, 0, 5, 5, 58, 40, 40, 58, 0, 84, 98, 98, 114, 114, 84, 90, 18, 90, 18, 0, 15, 15, 16, 16, 41, 41, 4, 4, 118, 118, 7, 7, 0, 42, 42, 22, 61, 61, 37, 22, 36, 77, 36, 77, 37, 0, 11, 11, 9, 79, 51, 9, 51, 79, 0, 124, 67, 67, 124, 26, 26, 39, 39, 0, 105, 105, 95, 29, 95, 29, 65, 127, 65, 127, 0, 97, 97, 81, 94, 94, 12, 81, 12, 0, 126, 126, 130, 130, 110, 68, 110, 68, 0, 103, 103, 23, 23, 62, 62, 112, 70, 112, 28, 28, 70, 0, 54, 54, 0, 102, 73, 102, 99, 99, 10, 73, 10, 0, 117, 117, 0, 27, 49, 27, 49, 78, 101, 78, 56, 56, 57, 101, 57, 0, 19, 19, 47, 47, 71, 14, 14, 71, 0, 85, 85, 89, 43, 43, 89, 0, 106, 66, 106, 66, 0, 75, 63, 63, 75, 0, 21, 32, 32, 21, 128, 128, 0, 6, 44, 6, 44, 0, 87, 87, 0, 72, 120, 120, 72, 0, 0, 116, 116, 76, 76, 0, 88, 50, 82, 88, 50, 82, 0, 2, 2, 83, 48, 48, 83, 0, 86, 86, 100, 100, 104, 111, 104, 111, 0, 38, 38, 1, 31, 1, 31, 0, 24, 24, 0, 80, 80, 119, 119, 0, 129, 113, 129, 113, 0, 93, 93, 13, 13, 0, 8, 8, 52, 35, 52, 35, 0]
LaTeX copypaste   :    SA-new operators (tuned weights) & 17304458.10 & 16960003.00 & 77.866969 \% & 453.458 s\\


Instance name     :    Call_300_Vehicle_90
Average objective :    39096420.30
Best objective    :    38617010.00
Improvement (%)   :    77.388476 %
Running time (s)  :    5974.131 s
Best solution     :    [158, 207, 207, 158, 146, 140, 140, 146, 0, 201, 171, 114, 171, 201, 114, 72, 72, 275, 55, 275, 55, 0, 248, 248, 77, 90, 90, 77, 0, 9, 157, 157, 9, 0, 206, 206, 111, 254, 111, 254, 0, 96, 200, 200, 96, 11, 11, 0, 15, 15, 271, 271, 185, 79, 219, 227, 219, 79, 227, 185, 0, 0, 37, 195, 37, 195, 0, 155, 155, 290, 290, 60, 60, 0, 265, 41, 41, 210, 210, 265, 115, 115, 0, 0, 245, 266, 245, 266, 0, 211, 211, 0, 0, 0, 0, 233, 233, 235, 235, 63, 154, 154, 63, 0, 280, 300, 300, 280, 0, 136, 136, 272, 272, 0, 278, 278, 0, 172, 172, 0, 249, 249, 0, 62, 62, 181, 141, 148, 141, 148, 181, 0, 23, 23, 0, 68, 36, 92, 92, 68, 69, 40, 36, 69, 40, 0, 217, 217, 0, 279, 279, 0, 35, 277, 277, 7, 7, 35, 0, 0, 247, 247, 150, 150, 194, 194, 46, 28, 46, 209, 209, 28, 129, 186, 129, 186, 0, 24, 24, 108, 108, 47, 47, 298, 298, 0, 269, 123, 269, 32, 123, 297, 32, 297, 296, 296, 0, 168, 168, 256, 256, 285, 285, 130, 130, 0, 229, 229, 0, 215, 133, 133, 270, 240, 61, 109, 61, 215, 240, 270, 109, 119, 119, 70, 53, 53, 70, 20, 20, 0, 180, 180, 107, 107, 106, 106, 0, 54, 284, 54, 284, 199, 184, 199, 184, 267, 267, 0, 225, 48, 225, 48, 287, 287, 170, 170, 16, 16, 192, 192, 117, 117, 0, 152, 152, 274, 274, 204, 204, 97, 97, 0, 25, 25, 19, 19, 125, 125, 166, 166, 0, 244, 244, 221, 91, 221, 91, 132, 132, 0, 242, 242, 261, 151, 151, 261, 259, 259, 0, 103, 103, 71, 71, 56, 56, 22, 22, 0, 49, 257, 257, 49, 64, 64, 153, 153, 50, 84, 187, 84, 50, 187, 0, 164, 164, 156, 156, 0, 137, 137, 293, 293, 127, 131, 127, 191, 131, 196, 196, 139, 139, 191, 0, 264, 83, 264, 44, 83, 44, 0, 39, 39, 75, 75, 0, 126, 126, 291, 212, 220, 291, 212, 220, 21, 163, 21, 163, 0, 105, 295, 105, 3, 3, 295, 0, 121, 121, 243, 243, 89, 104, 104, 89, 198, 17, 198, 17, 0, 43, 43, 281, 281, 262, 262, 197, 197, 0, 94, 144, 94, 95, 95, 173, 144, 120, 173, 120, 100, 100, 161, 161, 0, 237, 237, 52, 52, 8, 8, 0, 218, 218, 230, 230, 189, 51, 189, 59, 59, 231, 51, 231, 0, 138, 138, 222, 286, 222, 4, 4, 80, 286, 80, 0, 159, 159, 226, 226, 99, 12, 12, 99, 0, 208, 29, 208, 29, 246, 246, 167, 167, 205, 205, 112, 112, 0, 188, 188, 149, 149, 124, 73, 101, 101, 124, 73, 0, 85, 85, 93, 93, 0, 228, 33, 33, 228, 0, 241, 76, 241, 76, 0, 238, 238, 5, 5, 2, 102, 2, 102, 0, 87, 87, 165, 27, 165, 27, 13, 13, 0, 78, 78, 260, 260, 113, 258, 113, 258, 0, 31, 224, 224, 31, 81, 177, 177, 81, 0, 110, 45, 110, 255, 58, 58, 255, 45, 190, 190, 0, 276, 10, 10, 276, 0, 65, 253, 65, 42, 253, 42, 0, 26, 236, 26, 236, 0, 67, 57, 67, 57, 202, 34, 34, 202, 0, 147, 98, 98, 147, 38, 38, 0, 116, 116, 216, 216, 175, 175, 0, 174, 174, 0, 178, 178, 0, 223, 223, 128, 122, 122, 128, 0, 134, 134, 74, 250, 182, 74, 182, 250, 0, 263, 263, 142, 176, 142, 176, 0, 232, 169, 169, 232, 160, 14, 14, 160, 0, 66, 213, 66, 213, 0, 86, 86, 6, 6, 0, 162, 268, 162, 268, 0, 88, 118, 118, 289, 289, 88, 0, 1, 145, 145, 1, 0, 183, 30, 30, 283, 183, 251, 283, 251, 0, 273, 143, 273, 143, 252, 252, 0, 179, 179, 193, 294, 294, 193, 0, 214, 239, 214, 239, 0, 82, 135, 135, 288, 82, 234, 203, 203, 288, 234, 282, 292, 282, 18, 18, 292, 0, 299, 299]
LaTeX copypaste   :    SA-new operators (tuned weights) & 39096420.30 & 38617010.00 & 77.388476 \% & 5974.131 s\\